tensor([ 0.3418,  0.2097,  0.1138,  0.2789,  0.1425,  0.1982,  0.1945,  0.1135,
         0.0690,  0.2082, -0.0368,  0.3284,  0.1339,  0.3508,  0.0172,  0.1845,
         0.3574,  0.4116,  0.2086,  0.1031, -0.0663,  0.2444,  0.1412,  0.1825,
         0.4304,  0.1485,  0.1096,  0.1468,  0.1375,  0.0943,  0.3216,  0.0834,
         0.1875,  0.4248,  0.1072,  0.0988,  0.0723,  0.4194,  0.1390,  0.0705,
         0.1253,  0.1457, -0.0714,  0.3054,  0.0669,  0.3882,  0.0175, -0.0023,
         0.2087,  0.1820,  0.1090,  0.1094, -0.0019,  0.3560,  0.1421,  0.1450,
         0.1058,  0.3527,  0.1584,  0.1430,  0.1509,  0.4306,  0.1353,  0.3828,
         0.0163,  0.1245,  0.1646,  0.3617,  0.1796,  0.1531,  0.0928,  0.3234,
         0.1333,  0.2830,  0.0273,  0.1201,  0.0880, -0.0467,  0.0768,  0.1469,
         0.1040,  0.0831,  0.1389, -0.0287, -0.0109,  0.0843,  0.0909,  0.3349,
         0.1718,  0.0281,  0.1469, -0.0125,  0.1663,  0.2058,  0.4423,  0.0915,
         0.1417,  0.2074,  0.1336,  0.1272, -0.0262,  0.1019,  0.0409,  0.1431,
         0.0977,  0.3886,  0.0883,  0.0846,  0.0793,  0.3125,  0.0792,  0.1083,
         0.1835,  0.1330,  0.1092,  0.1014,  0.0931, -0.0580,  0.2096, -0.0050,
         0.1369,  0.3712,  0.0167,  0.1927,  0.2027,  0.1518,  0.3485,  0.2031,
         0.3872,  0.3897,  0.1326,  0.2074,  0.1472,  0.1345,  0.1578,  0.0837,
         0.0523,  0.2649,  0.1084,  0.4070,  0.0694,  0.2044,  0.1453,  0.0987,
         0.1773,  0.2075,  0.2036,  0.2123,  0.1121,  0.1405,  0.3230,  0.0772,
         0.1070,  0.1490,  0.2019,  0.1250,  0.3882,  0.3596,  0.1453,  0.1115,
         0.2692,  0.2640,  0.0758,  0.3053,  0.1032,  0.0990,  0.1067,  0.2079,
         0.1247,  0.1914,  0.4092,  0.1269, -0.0104,  0.1507,  0.3133,  0.0987,
         0.0690,  0.1043,  0.1951,  0.1091,  0.4198,  0.0716,  0.0862,  0.3249,
         0.1097,  0.0933,  0.3675,  0.0889,  0.0789,  0.1018,  0.1051,  0.2620,
         0.1016,  0.3377,  0.1032,  0.0935,  0.3659,  0.1050,  0.0731,  0.1518])