[[32, 808, 17, 355, 664, 639, 496, 631, 475, 153, 94, 188, 731, 118, 866, 15, 516, 499, 902, 256, 67, 684, 555, 935, 478, 71, 616, 692, 92, 528, 593, 48, 277, 845, 570, 65, 661, 310, 493, 871, 983, 273, 961, 672, 205, 465, 898, 543, 682, 20, 521, 73, 6, 342, 148, 728, 485, 674, 387, 172, 56, 79, 602, 509, 168, 78, 571, 221, 926, 28, 977, 790, 114, 994, 145, 687, 313, 466, 41, 427], [990, 797, 452, 120, 8, 93, 933, 966, 962, 827, 597, 36, 688, 710, 86, 101, 785, 364, 243, 18], [0.0005137087194091756, 0.0006465848617601677, 0.0005080363206073559, 0.0005303818879656987, 0.0005736477853842862, 0.0005769151884481759, 0.0005481736037954222, 0.0005141261662340534, 0.0005045078352008783, 0.0005272131452014187, 0.00054414883198955, 0.0005294267076900533, 0.0005082855460290583, 0.0005042421314656219, 0.0005141167005354442, 0.0005237401285436971, 0.0005243435989602752, 0.0005163554967721752, 0.0005067047032880669, 0.0005035791615336444, 0.000509054536985877, 0.0005153017885097223, 0.0005138801991938311, 0.0005072406606535426, 0.0005034730790926704, 0.0005053196158535873, 0.0005091226666348097, 0.0005104402696547016, 0.0005081514156247192, 0.000504689718819584, 0.0005034673975060343, 0.0005053307037526419, 0.0005074226050145111, 0.0005068565970279686, 0.0005045583423575502, 0.0005034254168890971, 0.0005043236195592582, 0.0005056435742440212, 0.0005056986774882824, 0.0005045089812535156, 0.0005034928500821545, 0.0005037269678379917, 0.0005046382904824141, 0.0005048354884451868, 0.000504080736560852, 0.0005034488087205674, 0.0005036441152173291, 0.0005041849901546443, 0.0005042701912152821, 0.000503815408986173, 0.0005034343023647215, 0.0005035687933416521, 0.0005039122955210725, 0.0005039109714917318], {'Geodset': Geometry(Si64, Si64, ..., Si64, Si64, pbc=[True, True, True]), 'GeoSi64': Geometry(Si64, pbc=[True, True, True]), 'formation_energy': tensor([0.1441, 0.1277, 0.1466, 0.1145, 0.1443, 0.1413, 0.1338, 0.1677, 0.1651,
        0.1420, 0.1443, 0.1561, 0.1572, 0.1133, 0.1543, 0.1034, 0.1103, 0.1451,
        0.1607, 0.1406, 0.1533, 0.1273, 0.1198, 0.1203, 0.1430, 0.1578, 0.1402,
        0.1355, 0.1366, 0.1250, 0.1383, 0.1222, 0.1478, 0.1652, 0.1499, 0.1742,
        0.1401, 0.1550, 0.1464, 0.1201, 0.1233, 0.1265, 0.1209, 0.1651, 0.1426,
        0.1667, 0.1242, 0.1337, 0.1336, 0.0914, 0.1462, 0.1631, 0.1612, 0.1530,
        0.1216, 0.1431, 0.1480, 0.1457, 0.1410, 0.1167, 0.1227, 0.1716, 0.1791,
        0.1308, 0.1489, 0.1563, 0.1386, 0.1705, 0.1361, 0.1308, 0.1420, 0.1530,
        0.1841, 0.1571, 0.1079, 0.1307, 0.1310, 0.1576, 0.0902, 0.1460]), 'elec_energy_defects': tensor([-88.1628, -88.1838, -88.1043, -88.1700, -88.1708, -88.1858, -88.1793,
        -88.1556, -88.1350, -88.1246, -88.1039, -88.1398, -88.1618, -88.1665,
        -88.1613, -88.1250, -88.1870, -88.1843, -88.1758, -88.1541, -88.1404,
        -88.1883, -88.1994, -88.1838, -88.1772, -88.1358, -88.1879, -88.1712,
        -88.1290, -88.1915, -88.1736, -88.1058, -88.1353, -88.1615, -88.1216,
        -88.1425, -88.1812, -88.1183, -88.1721, -88.1826, -88.1610, -88.1734,
        -88.1639, -88.1578, -88.1421, -88.1845, -88.1616, -88.1586, -88.1864,
        -88.1099, -88.1707, -88.1367, -89.4300, -88.1589, -88.1829, -88.1647,
        -88.1758, -88.1607, -88.1630, -88.1400, -88.1604, -88.1034, -88.1443,
        -88.1749, -88.1744, -88.1062, -88.1276, -88.1335, -88.1454, -88.1334,
        -88.1635, -88.1752, -88.1030, -88.1551, -88.1828, -88.1773, -88.1105,
        -88.1820, -88.1486, -88.1770]), 'elec_energy_Si64': -88.2635544138, 'alpha': {14: Parameter containing:
tensor([0.9869], requires_grad=True)}, 'Z': {14: Parameter containing:
tensor([14.0384], requires_grad=True)}, 'repulsive_feed': PairwiseRepulsiveEnergyFeed(
  (repulsive_feeds): ModuleDict(
    ((14, 14)): xTBRepulsive()
  )
)}, tensor([0.1009, 0.1555, 0.1285, 0.1556, 0.0544, 0.1464, 0.1060, 0.1357, 0.1237,
        0.1507, 0.1346, 0.1299, 0.1430, 0.1335, 0.1601, 0.1175, 0.1368, 0.1590,
        0.1576, 0.1345]), tensor([0.1081, 0.1477, 0.1306, 0.1477, 0.0373, 0.1777, 0.1030, 0.1267, 0.1236,
        0.1240, 0.1288, 0.1318, 0.1309, 0.1108, 0.1387, 0.1181, 0.1275, 0.1545,
        0.1510, 0.1803], grad_fn=<SubBackward0>), [0.1440585942990147, 0.12770384542543134, 0.14664735195667689, 0.11453781008459885, 0.14427598125335983, 0.14125094590464649, 0.1338123266017579, 0.16770120020905033, 0.16508835520662224, 0.14197034957923726, 0.14433590874437208, 0.15610605443468017, 0.15715821883300407, 0.11330080209626914, 0.15432909707332243, 0.10342717842967453, 0.11032222450864282, 0.14511469785743536, 0.16067292092396102, 0.14058690141253116, 0.15330291260997697, 0.12729196928587072, 0.1198153860932738, 0.12028923151631687, 0.14296438279353296, 0.15777580299157634, 0.140178427892927, 0.1354574464963374, 0.1366136688120374, 0.12495926254689493, 0.13827840292359994, 0.1222495889542099, 0.14779428073569711, 0.16522963063492746, 0.1498713319787175, 0.17424831250317396, 0.14014356711618348, 0.15504162605177108, 0.14635857686697307, 0.12007127531493289, 0.1232583384355177, 0.12654252377345898, 0.12091810543487647, 0.16508261496213095, 0.1426098569148504, 0.16672912434867015, 0.124181793102073, 0.13365422292276286, 0.133595549318704, 0.09143872925686658, 0.146177435036428, 0.16313002155403034, 0.16115512470524962, 0.1530460351989813, 0.12162570596141542, 0.14313556923206328, 0.1479724701255094, 0.14574151234385013, 0.14103199048912707, 0.11669466726325517, 0.12268785662118731, 0.17161870907376908, 0.17914863574839401, 0.13081342516768935, 0.1488833124238873, 0.15634741848581868, 0.13858417678086177, 0.17045154391170314, 0.1361341831026639, 0.13075046107999455, 0.14201741186671413, 0.1530126407202843, 0.18411778864100192, 0.15706144463175065, 0.10787921650954502, 0.13070632183378983, 0.13100248868263087, 0.157605203072265, 0.09023509700507759, 0.14603308736459297], [0.14048425588539715, 0.1182641129593236, 0.18319245270141948, 0.12120060496438612, 0.134227263829942, 0.12266415368814876, 0.12441851215130839, 0.15615778571427086, 0.1702586310678953, 0.1666286674615236, 0.18344525516289423, 0.16347088738881155, 0.14758619215848512, 0.12487685731029785, 0.14646101077389062, 0.1478486289861678, 0.10587531627926694, 0.12722285178406878, 0.13871828935511132, 0.14528674090499294, 0.16141523834713212, 0.11278634521292474, 0.10246974379465712, 0.1140206237840573, 0.12970952507143352, 0.16601223914049967, 0.12144223416474631, 0.13029095917853795, 0.16157376703625914, 0.1104896434798519, 0.12981620337507138, 0.17171018658483206, 0.16092384464165832, 0.15250053659097773, 0.17162011881823958, 0.17066506660231084, 0.12814863636049267, 0.1779327532451731, 0.13412387222359712, 0.11521108349464271, 0.13167824769962522, 0.12457568904038396, 0.12793468740743208, 0.15430398189515415, 0.1550517426104392, 0.13713499642788918, 0.1315426073094983, 0.1375222620282699, 0.11796665966744513, 0.15417171864993406, 0.1363573937452287, 0.16885264480997364, 0.27227231419473696, 0.14660721812749955, 0.11407427566490469, 0.1391982823757445, 0.1316018122151661, 0.1427665405509515, 0.13793438846586525, 0.14314286260803044, 0.13210693290534437, 0.19550610977572092, 0.17263120846918412, 0.12474450148909, 0.13416181030045493, 0.18604490287592057, 0.16228705633254492, 0.17486269130066034, 0.14945926261962938, 0.15393033192310668, 0.13979598136531024, 0.13521965826015503, 0.20199975627639333, 0.1539775820320557, 0.10852586966556999, 0.12258280679316158, 0.17157334672583602, 0.13370157217330814, 0.12501791545724927, 0.13222066186207826], {14: Parameter containing:
tensor([0.9869], requires_grad=True)}, {14: Parameter containing:
tensor([14.0384], requires_grad=True)}, 0.00028289997347237425, 0.012144516969317998]