1 4.467496430409206
2 4.469945037642478
3 4.031181704538094
4 4.352761576952153
5 4.384908542473276
6 4.408854491253961
7 4.328980384132992
8 4.21750895355439
9 4.154638062552489
10 4.152933719323107
11 4.213598589460931
12 4.267672860326626
13 4.288225409306554
14 4.3130466857347205
15 4.278240922405446
16 4.205456294844019
17 4.1862507014986265
18 4.228272511711981
19 4.262224509052125
20 4.286922848118188
21 4.199374535761974
22 4.099300343779803
23 4.072660127689012
24 4.129693657750541
25 4.1590219956045935
26 4.2157172690896685
27 4.231657650766939
28 4.225565285784668
29 4.210338133393601
30 4.171846167123943
31 4.148243981465822
32 4.175982658341354
33 4.205132656631867
34 4.244142939351214
35 4.157066823114457
36 4.095526802578924
37 4.108910944021614
38 4.1526663475762575
39 4.204039700898354
40 4.232748368093714
41 4.241708163912858
42 4.262791194596959
43 4.215624638950612
44 4.186820353500951
45 4.168497368424627
46 4.200850843775327
47 4.217361490338492
48 4.2268525503851775
49 4.181761781653255
50 4.126773131213196
51 4.100766501620051
52 4.081351249752128
53 4.143490973165643
54 4.245351142608337
55 4.197527212359219
56 4.191036357945075
57 4.149901250962185
58 4.087568841219947
59 4.098567175193476
60 4.15180846796356
61 4.18690153233109
62 4.272420642847583
63 4.245915192483129
64 4.139866815138508
65 4.093655593099516
66 4.115848882092824
67 4.11928911409413
68 4.1806315976996675
69 4.253679028143776
70 4.1898488051764256
71 4.176677089693326
72 4.17471503595217
73 4.166590739226579
74 4.173991716734302
75 4.192419698622641
76 4.25518188066444
77 4.182556788365478
78 4.154890463385531
79 4.124707405767528
80 4.125449632543831
81 4.184117690815763
82 4.233269828315785
83 4.137557556411202
84 4.0959569303160155
85 4.081901802931341
86 4.1159550589797815
87 4.129117718067139
88 4.104115669233128
89 4.142601286610814
90 4.203434512406616
91 4.2043498802856245
92 4.202324217729791
93 4.151625667695502
94 4.145846330642414
95 4.137690366126555
96 4.186078324435126
97 4.172300364038865
98 4.171007463179469
99 4.204197259549219
100 4.191206584178127
101 4.202371509772667
102 4.161095639096213
103 4.161756021179717
104 4.203959735953553
105 4.1373167018952515
106 4.118423372638272
107 4.172853901563946
108 4.232028924120371
109 4.275460749111336
110 4.181819488610755
111 4.1341938247088725
112 4.115571042084719
113 4.138662735391664
114 4.108106135992937
115 4.113135539332718
116 4.200060227334684
117 4.221696369479984
118 4.189339285508307
119 4.155893820478535
120 4.153793669447735
121 4.159316178422656
122 4.154261607279249
123 4.211813349264809
124 4.272976184290256
125 4.221080613139879
126 4.1908497123317865
127 4.196102748270067
128 4.186343921272681
129 4.096955913569339
130 4.0673731019395385
131 4.041030637159366
132 4.097920182334136
133 4.199673132345035
134 4.156578028546064
135 4.142833590485761
136 4.175530387453671
137 4.169127162413545
138 4.131757576303848
139 4.132004153656949
140 4.14525403570449
141 4.121364018697553
142 4.15185284017641
143 4.229479842455882
144 4.235340742398148
145 4.182746684175757
146 4.1512254482073985
147 4.184104885040652
148 4.201006796788311
149 4.190120045796152
150 4.1533880524352496
151 4.144868652589983
152 4.1352712269905965
153 4.1894370518553
154 4.178801694910532
155 4.198980034369473
156 4.213460821761149
157 4.22103512057484
158 4.264515157781783
159 4.182192746773387
160 4.081317453757112
161 4.0467095712244046
162 4.062651244612866
163 4.0842568008173
164 4.1748991205889725
165 4.195593530097333
166 4.17646993269555
167 4.140909447066223
168 4.139923124173496
169 4.172319950489126
170 4.161496335078653
171 4.100891916071275
172 4.11666199821027
173 4.203875122515121
174 4.199776667259215
175 4.103348822560402
176 4.082081760771582
177 4.12801548516115
178 4.168142838064476
179 4.170983267794334
180 4.143994576377559
181 4.093113242845916
182 4.093143354875869
183 4.170506068863964
184 4.182630042093426
185 4.196437723674273
186 4.193680521467033
187 4.181997739250149
188 4.154823354507159
189 4.156631840419055
190 4.1487771837874545
191 4.105412938865525
192 4.114993143358157
193 4.187951669324706
194 4.139636257582255
195 4.098010887746077
196 4.127029240582985
197 4.156777832609183
198 4.137613348567707
199 4.170569136147158
200 4.187854920851857
201 4.1574028447600915
202 4.170623166328486
203 4.185573520661497
204 4.156807677698147
205 4.0996012948118326
206 4.063446503633562
207 4.096379311374267
208 4.173120799795087
209 4.182544451387593
210 4.194492404836572
211 4.155162672570046
212 4.169688501496953
213 4.123310649002972
214 4.084277440236071
215 4.118182671307822
216 4.21463200907217
217 4.201974069452508
218 4.192082990259872
219 4.150947267758627
220 4.13113706988561
221 4.116198608278211
222 4.026180445953872
223 4.019917432678777
224 4.097948344924266
225 4.166269072319516
226 4.067843682110003
227 4.056041296999484
228 4.135085433600867
229 4.146315674157124
230 4.141245344067566
231 4.178940116864141
232 4.183728360267948
233 4.172677749695302
234 4.167323646886001
235 4.212312287458779
236 4.199390332532185
237 4.180323819181101
238 4.125945860707832
239 4.13236310393704
240 4.146512679272581
241 4.034438311382494
242 3.9920290443818933
243 4.046788689618149
244 4.1167646558094955
245 4.15950057907202
246 4.162426337159878
247 4.143115265212221
248 4.1445279026073525
249 4.162484458577644
250 4.197244442855891
251 4.182235779831768
252 4.186098295610542
253 4.196384694235918
254 4.19427244830042
255 4.177798231618665
256 4.142782480356834
257 4.166601798688618
258 4.2087790966413765
259 4.178240558492505
260 4.18860973301563
261 4.222679380888147
262 4.177966098249173
263 4.115872393309085
264 4.097608170690288
265 4.1526735781456265
266 4.160679089218832
267 4.175427599545722
268 4.111507705776164
269 4.036713214810884
270 4.040347935042199
271 4.123938725269692
272 4.148854354619926
273 4.114679179158084
274 4.11633421255447
275 4.161996018708731
276 4.154623498123707
277 4.1686678815953435
278 4.217511740019089
279 4.200584661563757
280 4.149401710800446
281 4.158678451647461
282 4.114124654675227
283 4.044538179465976
284 4.067644324112943
285 4.132412554701295
286 4.186495429685305
287 4.19099830528078
288 4.0648901289449455
289 4.021856957876405
290 4.07108719081584
291 4.1995378861599
292 4.244973321032011
293 4.224156227297372
294 4.145392363286403
295 4.128317925138866
296 4.176681210345432
297 4.137454778279737
298 4.127653842103998
299 4.078323532453467
300 4.050192742679206
301 4.09248263455552
302 4.127150062124002
303 4.118415246138627
304 4.106475878214952
305 4.177129670444779
306 4.212354013824453
307 4.157875254535643
308 4.130504642186079
309 4.104763119736821
310 4.078344897882144
311 4.130158945203388
312 4.186772805993889
313 4.169035048462903
314 4.167848518169146
315 4.16884930429182
316 4.117575379899021
317 4.135428345958982
318 4.109235236552001
319 4.148125651999523
320 4.143165231654027
321 4.137358246800156
322 4.148062080905059
323 4.187750143472359
324 4.187527444762553
325 4.086482247591307
326 4.059819758254013
327 4.110690521440409
328 4.171768520733081
329 4.192064260593171
330 4.173673515250932
331 4.142756047247108
332 4.148947763919518
333 4.1539273032437825
334 4.1189865985788385
335 4.14500766567455
336 4.135911757543028
337 4.114422244959516
338 4.116306527817262
339 4.0444956988405085
340 4.06218675677857
341 4.1669883364971945
342 4.175895905480178
343 4.15190197067135
344 4.164082006908555
345 4.17545104418929
346 4.118417462182481
347 4.117962204288671
348 4.133972626585823
349 4.049468060793113
350 4.0339328866328925
351 4.09989057101472
352 4.205485009740509
353 4.176757377346834
354 4.127758362308358
355 4.157511560898561
356 4.208950608292983
357 4.183062886451856
358 4.1488133230598265
359 4.173401527534379
360 4.140364726145267
361 4.158424075801563
362 4.234743338118382
363 4.204774532342413
364 4.070151378438677
365 4.008160476320078
366 4.035914129290611
367 4.149024354788719
368 4.147759489043502
369 4.153823343757838
370 4.207005947894912
371 4.181151899093311
372 4.157985852560635
373 4.152715024255158
374 4.19950034894901
375 4.2075577771682955
376 4.175292986127672
377 4.163638654451249
378 4.21242351751458
379 4.19782680773319
380 4.148462078974639
381 4.108480239748701
382 4.121113341273007
383 4.096814269622241
384 4.112391041456116
385 4.192111468464704
386 4.1785482283105715
387 4.20385635947961
388 4.149222405375718
389 4.15338463667744
390 4.1545683292298445
391 4.184754010175919
392 4.154662462072322
393 4.162612694065292
394 4.068508835006566
395 4.060963684278536
396 4.111556902202689
397 4.152339259869002
398 4.19022736122089
399 4.209588999924426
400 4.150059709363712
401 4.115297183308571
402 4.107422105611598
403 4.158744321462443
404 4.190663293298905
405 4.240816924642838
406 4.172935642814118
407 4.127302556064004
408 4.145679739642086
409 4.068269336982232
410 4.049175662912493
411 4.120835869341442
412 4.166153486478309
413 4.184133090297526
414 4.184193434828892
415 4.200800598056275
416 4.149425337751873
417 4.154442214135968
418 4.114438029575133
419 4.061678960197551
420 4.087282728905563
421 4.127419904179358
422 4.079590740695915
423 4.104174481706565
424 4.1951545051755295
425 4.226664772766145
426 4.1851752392274975
427 4.097228398984247
428 4.073287925592238
429 4.11303955401412
430 4.151213669842702
431 4.156951655008242
432 4.230159400568761
433 4.226614095863041
434 4.203898409196761
435 4.17953843466387
436 4.09392634409557
437 4.0713940998095905
438 4.120140070530497
439 4.183246795650569
440 4.158130320927579
441 4.148931934951272
442 4.1370269584970405
443 4.077750580532455
444 4.105838376771175
445 4.1829140045469835
446 4.165615310662461
447 4.140700056382522
448 4.171455869460678
449 4.11929007364579
450 4.092923260738237
451 4.123204877694002
452 4.154900517150304
453 4.206669598152106
454 4.1313485461465955
455 4.124920602056637
456 4.192535221959799
457 4.1127194101427005
458 4.079327261362099
459 4.127044650973024
460 4.142600936898541
461 4.0909289902803945
462 4.020552277493717
463 4.033210312841455
464 4.120334880952025
465 4.118420936838106
466 4.152087417336504
467 4.202930153787699
468 4.160926068346004
469 4.106379298330016
470 4.078396558426884
471 4.131445496275606
472 4.162247683973675
473 4.168557370027785
474 4.122127424436124
475 4.125215740947797
476 4.126724900489257
477 4.128549503631744
478 4.112931026498027
479 4.112304349085002
480 4.179895894497867
481 4.154124148088491
482 4.150902713281718
483 4.146107476762433
484 4.12622896236175
485 4.167818464034708
486 4.208450193703124
487 4.139257909588901
488 4.146277488137131
489 4.19090583822121
490 4.185274592466617
491 4.1381982661562935
492 4.090733073065493
493 4.121254192681497
494 4.191853108596374
495 4.112843827692452
496 4.092879008010017
497 4.139684149178556
498 4.138783034287734
499 4.06070819630544
500 4.038416266623319
501 4.095866773862801
502 4.11812821144637
503 4.168849560862853
504 4.191855903289327
505 4.204580904802112
506 4.097869116050819
507 4.0614787572833135
508 4.105899943393658
509 4.1081025276561745
510 4.110757343297833
511 4.14016547567799
512 4.15788155408404
513 4.120217343155827
514 4.127188970335778
515 4.163510121495372
516 4.148992395198791
517 4.1995256276259445
518 4.145541252454257
519 4.141190008161879
520 4.102630168604517
521 4.122390253734606
522 4.195536854683989
523 4.159610573941705
524 4.14333122946443
525 4.199659406239879
526 4.211696701480898
527 4.177729582102116
528 4.109257949353499
529 4.093401272246298
530 4.131260405818422
531 4.152697013484469
532 4.188474930526053
533 4.11442630752841
534 4.09083196264371
535 4.140594056239249
536 4.192380500487299
537 4.109497913367683
538 4.040474689923298
539 4.0682430777049525
540 4.178886251473917
541 4.167251853701001
542 4.171052367482838
543 4.139979942130978
544 4.1713313482343475
545 4.201583214825246
546 4.201179405917759
547 4.181926695736554
548 4.155436814605405
549 4.143620193306051
550 4.184613771093139
551 4.253253275789241
552 4.101466528601813
553 4.030554222718672
554 4.055182682096646
555 4.164487300011092
556 4.193528616012463
557 4.134286458088194
558 4.1298387976498026
559 4.154346373350007
560 4.105467651271858
561 4.1291411008397
562 4.082660117800688
563 4.080395291057148
564 4.150822344410269
565 4.22136031907054
566 4.150710049496773
567 4.127030231521402
568 4.157322578030807
569 4.216334008787262
570 4.180967062128355
571 4.173061750258678
572 4.198754908043396
573 4.170868846888358
574 4.143031497832209
575 4.137267454519007
576 4.1044899554081535
577 4.101829403226259
578 4.11327061664499
579 4.114220707809185
580 4.066072508247
581 4.029113676734359
582 4.08760513725965
583 4.154680982641716
584 4.226816318168025
585 4.165240777046164
586 4.129968434842266
587 4.155932505841699
588 4.205543932875701
589 4.182276714754392
590 4.159037587116126
591 4.154668974943006
592 4.183921052571305
593 4.1804659457587965
594 4.126875453638714
595 4.095452962865315
596 4.127763398072349
597 4.203495488488716
598 4.185961466521562
599 4.16987673256199
600 4.164454212006005
601 4.1246101330344205
602 3.9855921220326485
603 3.919716289708824
604 3.970281985277437
605 4.092060212575714
606 4.057352853991603
607 4.1107469677747845
608 4.160779431415173
609 4.1463023875393805
610 4.110785406450537
611 4.109913233017589
612 4.09347199153594
613 4.143759299152715
614 4.152208724613585
615 4.147418091034326
616 4.127223198818508
617 4.130424914791958
618 4.154053005679769
619 4.144457729538504
620 4.1399778141261345
621 4.123141345574613
622 4.0490731055147045
623 4.04535244518854
624 4.126823414143566
625 4.115142488858754
626 4.116960312362688
627 4.129311974436539
628 4.142431096544864
629 4.15641380108823
630 4.164498787963634
631 4.10628067814509
632 4.1111765413176355
633 4.094181339006299
634 4.15521396013685
635 4.181844475889016
636 4.158445011555579
637 4.127706413981133
638 4.156054789250664
639 4.1145394748941
640 4.040655405257881
641 4.058276132938824
642 4.095104617275009
643 4.137633792226855
644 4.118113084500274
645 4.146130665394159
646 4.175713104204917
647 4.1520974026452615
648 4.198632655006172
649 4.172086706955316
650 4.060973818517543
651 4.033247810767702
652 4.096036989100253
653 4.179863722911812
654 4.186047366030765
655 4.122421267912387
656 4.129413649473704
657 4.160613521188154
658 4.163387174082401
659 4.195909605487982
660 4.144758469445322
661 4.009859046899596
662 3.9716447106171806
663 4.044134039440629
664 4.1548353346123115
665 4.144426726508024
666 4.141089116371481
667 4.159059542923172
668 4.170788820786612
669 4.079196030259218
670 4.048196565079246
671 4.0945633127168986
672 4.137381117467959
673 4.0692245790725705
674 4.081343640788891
675 4.170012611867499
676 4.09747250426966
677 4.099686847146516
678 4.1094453653169305
679 4.163710672804296
680 4.135883640513451
681 4.083091869905207
682 4.103335339485093
683 4.131169664335962
684 4.174614570156217
685 4.233104226940884
686 4.188220049473056
687 4.159784250727397
688 4.12965935288859
689 4.0933432781411545
690 4.063854010931001
691 4.085864575642174
692 4.145649974319786
693 4.153115486220643
694 4.06187153356374
695 4.04762248168665
696 4.112592283146049
697 4.171952521048868
698 4.182773131407825
699 4.176497823452883
700 4.183924871854857
701 4.19331283319455
702 4.103373214429952
703 4.068237848773482
704 4.11141519116257
705 4.06915303682941
706 4.064618229309431
707 4.131967219835408
708 4.141548510615787
709 4.190167706409045
710 4.178294967581079
711 4.195160603903067
712 4.220936174161411
713 4.142986784453572
714 4.128958209689697
715 4.145978511721351
716 4.146973379719899
717 4.050276096489594
718 3.9977530030056974
719 4.040134303445852
720 4.1324051173038825
721 4.192067455453998
722 4.2497488114893525
723 4.229477094494345
724 4.1933297339256645
725 4.202902465400533
726 4.16832780999314
727 4.116164755258578
728 4.0809362125073365
729 4.0869760750942055
730 4.0699848378262935
731 4.135143447036999
732 4.136543185146038
733 4.12273754299596
734 4.155537931653451
735 4.169236477614723
736 4.204490603388054
737 4.183050864198124
738 4.112939290769496
739 4.0874295928338915
740 4.114038602977808
741 4.083097063862036
742 4.1189815043800735
743 4.147485613969459
744 4.11956080137153
745 4.142548917519533
746 4.222819517638263
747 4.206674962769787
748 4.1442891833742905
749 4.123511284479775
750 4.1739006218637655
751 4.137065867829144
752 4.120448914741218
753 4.044355031030081
754 4.0575695378260574
755 4.1592890315440405
756 4.183052520036754
757 4.170633776102851
758 4.175637757411306
759 4.206260128708806
760 4.216013677439909
761 4.147359342624096
762 4.083016429086348
763 4.093151376594539
764 4.174279442933867
765 4.151621426367027
766 4.126728963214735
767 4.128978770179673
768 4.148474309188852
769 4.149448459121982
770 4.087811628410271
771 4.112917258468251
772 4.105499406588595
773 4.100770596608557
774 4.053805805137172
775 4.083467166347056
776 4.131027837489489
777 4.08340409525107
778 4.106881506310113
779 4.185754408862141
780 4.211524113300829
781 4.172526599054784
782 4.164905943208093
783 4.202797638907622
784 4.157726353858967
785 4.121525774469594
786 4.164927061270196
787 4.157473052981996
788 4.159832679824904
789 4.156626188115875
790 4.159554651365265
791 4.144024309928408
792 4.11586877709844
793 4.102131265779608
794 4.157459330820183
795 4.165409076287407
796 4.124133680313911
797 4.08811379792801
798 4.096109201919903
799 4.142301656990838
800 4.092101628069296
801 4.122880198477209
802 4.204902196633011
803 4.160041824128217
804 4.144025493465532
805 4.109698193343097
806 4.0866325182130065
807 4.137153073951951
808 4.175236534803328
809 4.193061584156205
810 4.158524761089838
811 4.152557012106038
812 4.173288909289748
813 4.176429121475473
814 4.192819712823838
815 4.203729119426723
816 4.110588377222746
817 4.08164161245066
818 4.12481746485685
819 4.146280490334738
820 4.165613549608133
821 4.179531203137461
822 4.184553454979151
823 4.176855604285708
824 4.178174173606289
825 4.135304726741746
826 4.056800363316199
827 4.0649526071959245
828 4.144933524528828
829 4.192301152643165
830 4.163923263740795
831 4.104344398638191
832 4.112560103810375
833 4.133484007979945
834 4.127432498041726
835 4.144734840313928
836 4.186624189228513
837 4.151282207654101
838 4.14085238699463
839 4.1197342849302565
840 4.096053208996264
841 4.091208378780983
842 4.145342877226812
843 4.138732578960589
844 4.061827612214644
845 4.063555647813505
846 4.120846079445178
847 4.178808671670127
848 4.107458077679369
849 4.120552571996884
850 4.131823043753814
851 4.140771211365554
852 4.191132966799457
853 4.152880215731349
854 4.079027406170459
855 4.0470001225856915
856 4.096701925126986
857 4.202624740247836
858 4.171546593606318
859 4.1018799309365255
860 4.046418280650659
861 4.075775451077549
862 4.1423644621829885
863 4.1734551371856154
864 4.171536229210681
865 4.104578807581578
866 4.123641480735362
867 4.126424119231404
868 4.129386530139969
869 4.154088477797906
870 4.172028648434629
871 4.1836036864191675
872 4.215254864405419
873 4.209221642112408
874 4.18858966864869
875 4.150967850403964
876 4.139377534660505
877 4.177831283952251
878 4.204197722316105
879 4.161863918204298
880 4.150502299961183
881 4.100931992432044
882 4.115635995377888
883 4.199564221217667
884 4.230007704714796
885 4.1186671777431325
886 4.069811014091167
887 4.098788458179479
888 4.122509674641508
889 4.134861533927203
890 4.133684063248633
891 4.122528929470267
892 4.072869963622052
893 4.095415565170717
894 4.075017840917101
895 4.128550753002992
896 4.125058272389409
897 4.133548092001944
898 4.193264468832592
899 4.207278066170804
900 4.153693949028704
901 4.133407967015205
902 4.1651165965785015
903 4.160463990430565
904 4.176354461519103
905 4.199291741649819
906 4.186357675573625
907 4.176765093533967
908 4.155745421264473
909 4.1273891981833035
910 4.143493661609674
911 4.199413424006731
912 4.224225029861724
913 4.226681285527558
914 4.128576720573016
915 4.079983940484944
916 4.108559437980188
917 4.126785567673185
918 4.207674485766409
919 4.2086078335975
920 4.192281412232822
921 4.155008231250535
922 4.143979979831247
923 4.1057079028027905
924 4.075841606285833
925 4.080785153700033
926 4.156025474285215
927 4.181073103812714
928 4.143806685596537
929 4.160921245795184
930 4.169808279940746
931 4.213651457359619
932 4.18671527150458
933 4.214137698859261
934 4.187506724783842
935 4.1540474930811015
936 4.138103707499208
937 4.162452373250905
938 4.1912525838301296
939 4.22126221821735
940 4.207928834498073
941 4.169849942056947
942 4.053719250443944
943 4.0238931789800825
944 4.093701236824578
945 4.160075873328205
946 4.114680580826431
947 4.088494266657527
948 4.1341883605335
949 4.167893888999684
950 4.138163570115045
951 4.098215501854058
952 4.1332601361108585
953 4.186876725926164
954 4.16409544830461
955 4.185862919658968
956 4.204067651620634
957 4.094880241886348
958 4.074543442152137
959 4.142819463524157
960 4.227157875576902
961 4.183179996889239
962 4.171263212094975
963 4.199434506511083
964 4.155953535824801
965 4.173116974311331
966 4.212021319167961
967 4.195437539610744
968 4.195501262610188
969 4.184112014176608
970 4.148474482805969
971 4.102837289942939
972 4.100049296440953
973 4.054000626585183
974 4.088015861749267
975 4.193470039384878
976 4.186253063832397
977 4.097408322464246
978 4.055420471219548
979 4.094908983822783
980 4.15789457217492
981 4.165086651636887
982 4.195964141479474
983 4.194240002892092
984 4.19995335868651
985 4.194207082210138
986 4.191346671371506
987 4.193968021943867
988 4.16195589854271
989 4.176009883925181
990 4.175423315096899
991 4.198702681353344
992 4.094189092136302
993 4.054306376116061
994 4.012680627021694
995 4.058607469138248
996 4.181148153917318
997 4.185925629189668
998 4.103505530018009
999 4.037887981236073
1000 4.068309476914878
1001 4.155806400420508
1002 4.1320080034002205
1003 4.113982337990075
1004 4.1256370504230855
1005 4.076696321637323
1006 4.112030938501594
1007 4.0798856343829675
1008 4.054787647250554
1009 4.104978751364904
1010 4.176336913704517
1011 4.217273141056364
1012 4.189224324589799
1013 4.093270221299985
1014 4.089227160212173
1015 4.166253891198536
1016 4.209558278457931
1017 4.214543688370962
1018 4.187663677825099
1019 4.10400124630262
1020 4.06070150035603
1021 4.092296347122821
1022 4.190311431911407
1023 4.173138962528204
1024 4.1403516539504395
1025 4.106374070911275
1026 4.13919295270515
1027 4.157755387195172
1028 4.0470666162968065
1029 4.024737919663213
1030 4.092142070783134
1031 4.205426736524745
1032 4.176307661865476
1033 4.111611117238404
1034 4.1246881394264365
1035 4.1738773926465615
1036 4.154344365523686
1037 4.169256983199273
1038 4.1789631967957925
1039 4.186485479980036
1040 4.160245211269476
1041 4.161799268822698
1042 4.130306283376924
1043 4.1226508381288856
1044 4.1658745576981655
1045 4.1865452721122285
1046 4.152639480771182
1047 4.118541644057024
1048 4.153812253778169
1049 4.177999433182632
1050 4.136123670698847
1051 4.147634722932424
1052 4.190199100681368
1053 4.219834302903034
1054 4.1877697709631505
1055 4.1313576315352
1056 4.134203191817104
1057 4.197343942381423
1058 4.221065522589798
1059 4.220805184980046
1060 4.229426033188222
1061 4.182239176505368
1062 4.144817588137139
1063 4.144605022132186
1064 4.167617129627101
1065 4.109675831118411
1066 4.095006123570472
1067 4.139537317584314
1068 4.156739827525121
1069 4.202712201968705
1070 4.177144488269587
1071 4.136427436414711
1072 4.127827998319788
1073 4.180262860654846
1074 4.125605362646475
1075 4.108201250653815
1076 4.154635145027318
1077 4.1117566556208835
1078 4.121350687980992
1079 4.167878135759285
1080 4.1506878801072995
1081 4.157892376110786
1082 4.034210213287293
1083 3.9965813398762444
1084 4.053582407075006
1085 4.186750881402692
1086 4.16093523088416
1087 4.121176366888545
1088 4.14174308630429
1089 4.145879013493991
1090 4.159246826300735
1091 4.226070245180215
1092 4.197334216097583
1093 4.175197859769945
1094 4.134578699106888
1095 4.13829685905764
1096 4.157993150763386
1097 4.1453177697542305
1098 4.169239016326146
1099 4.082839263825375
1100 4.0621551988912055
1101 4.11087215968981
1102 4.125628118672052
1103 4.135056954659782
1104 4.097380738549717
1105 4.059731484915439
1106 4.071983781123978
1107 4.154736649194182
1108 4.1260382095477155
1109 4.153756242603663
1110 4.190872459808676
1111 4.121282304400078
1112 4.124298070600345
1113 4.200346550087275
1114 4.25597163858538
1115 4.191687771991213
1116 4.1506135500698536
1117 4.173359322703778
1118 4.227040581319696
1119 4.143283257745252
1120 4.0892354980292955
1121 4.012022774782586
1122 4.018496520061756
1123 4.110660030400179
1124 4.1458165470090975
1125 4.115906931019115
1126 4.1357448789816935
1127 4.165370889556532
1128 4.188442891860317
1129 4.2067180859456865
1130 4.1673925925455855
1131 4.135390715964062
1132 4.091252129116706
1133 4.116190623936866
1134 4.204694994874396
1135 4.194357683080633
1136 4.162872254719073
1137 4.174235112636394
1138 4.192578309974628
1139 4.200725386888093
1140 4.192912297842088
1141 4.17181468125171
1142 4.202091428150876
1143 4.191670416882901
1144 4.161873369205047
1145 4.081013518759098
1146 4.073530767530164
1147 4.134682501306208
1148 4.126735566739284
1149 4.184459769861824
1150 4.177517948841353
1151 4.149957743224007
1152 4.101351513333991
1153 4.0976542821352275
1154 4.142914278061376
1155 4.172484355859095
1156 4.148724160238039
1157 4.176922776293515
1158 4.196443846160619
1159 4.203423190305053
1160 4.181410475118387
1161 4.187801489255195
1162 4.102996091777992
1163 4.092837911769271
1164 4.159038680330241
1165 4.193890613506198
1166 4.104886073932464
1167 4.070337770251029
1168 4.110726706271116
1169 4.169665464334267
1170 4.162388162665379
1171 4.105983190719474
1172 4.122902776987247
1173 4.125441653711767
1174 4.048196891945475
1175 4.050848725691736
1176 4.074662106466118
1177 4.131077432022957
1178 4.133292592657795
1179 4.088667484293285
1180 4.124383546596551
1181 4.151732101207702
1182 4.169319315885224
1183 4.2047963017709105
1184 4.207766925834855
1185 4.207965858688921
1186 4.105062876341151
1187 4.0763580620235595
1188 4.126875612407355
1189 4.1692053045442465
1190 4.188032906089545
1191 4.187716304847853
1192 4.183024817839927
1193 4.180308647424578
1194 4.085244065010879
1195 4.043499338985515
1196 4.065603984902172
1197 4.1111649391730305
1198 4.080263575738455
1199 4.066251857634579
1200 4.115849885053563
1201 4.165795025075391
1202 4.240176976071999
1203 4.231181491920924
1204 4.161045257418904
1205 4.138915582134263
1206 4.178968295426855
1207 4.174516277585679
1208 4.15747878139679
1209 4.176885784179317
1210 4.195281341911754
1211 4.171919825329023
1212 4.17466158160602
1213 4.144962225024958
1214 4.119734865824648
1215 4.131494757963508
1216 4.119335673884974
1217 4.065624356695329
1218 4.0850475572002045
1219 4.1595006336900395
1220 4.155943975079855
1221 4.174226764288661
1222 4.158376796086402
1223 4.105052449418762
1224 4.10435262930326
1225 4.138227376463848
1226 4.2029562913962994
1227 4.154210499457738
1228 4.165099304755664
1229 4.168935337534196
1230 4.1127352131274355
1231 4.084405272331826
1232 4.126234775072318
1233 4.181377802917173
1234 4.148340304678454
1235 4.148318588151345
1236 4.161284370893436
1237 4.180681768669988
1238 4.112078069269808
1239 4.042379209225597
1240 4.060910418444445
1241 4.162899735686401
1242 4.1750964236989985
1243 4.151923348994287
1244 4.149745293369526
1245 4.190003372992926
1246 4.190416895868237
1247 4.227326583216646
1248 4.206431865437747
1249 4.160616598023824
1250 4.118626303094608
1251 4.095756840543445
1252 4.136583208943888
1253 4.1683261144765975
1254 4.1183823328798095
1255 4.092051433063356
1256 4.102680291115351
1257 4.059323045075574
1258 4.08267409299759
1259 4.068091102962217
1260 4.13463836638541
1261 4.166794587981705
1262 4.113441788144097
1263 4.1129646155218245
1264 4.123664267562988
1265 4.142163309806723
1266 4.206946941669904
1267 4.208151043235575
1268 4.181748104028609
1269 4.157223698970449
1270 4.136390494924454
1271 4.128768856850076
1272 4.090394495827481
1273 4.083942552287087
1274 4.154461363404633
1275 4.2081375175129985
1276 4.193120499286197
1277 4.098308074838485
1278 4.019933085578233
1279 4.029291581065255
1280 4.123449004234592
1281 4.142052908280901
1282 4.168588384762732
1283 4.1145507178360035
1284 4.090090972678198
1285 4.052136066316645
1286 4.0639141052930245
1287 4.16154268320071
1288 4.190671204605116
1289 4.237500149357873
1290 4.2198624554502135
1291 4.234036076818828
1292 4.179390894962714
1293 4.125778530466955
1294 4.106570392484691
1295 4.139298665953943
1296 4.2258862592936035
1297 4.188845072885966
1298 4.171171114238473
1299 4.158192822229677
1300 4.164829467771248
1301 4.106524798440754
1302 4.114773888313564
1303 4.191184457691625
1304 4.189256193081415
1305 4.163703843645425
1306 4.193431145324025
1307 4.141442487364574
1308 4.100576231035477
1309 4.113318211704295
1310 4.146066588886889
1311 4.08314643860984
1312 4.092441068552178
1313 4.143121717818997
1314 4.1390892734189935
1315 4.120657129197231
1316 4.097527952080019
1317 4.15343976501771
1318 4.122087196409222
1319 4.070255474236389
1320 4.092951183356105
1321 4.184902351896088
1322 4.172173383332122
1323 4.14878530806494
1324 4.147501012060405
1325 4.13323845102301
1326 4.148788828753353
1327 4.1473283740490245
1328 4.1016990325039995
1329 4.093806156507628
1330 4.155487331993133
1331 4.1485667048575445
1332 4.1743204313268185
1333 4.210254221081273
1334 4.2058175102256525
1335 4.1711375210528825
1336 4.161088192650653
1337 4.163178921002612
1338 4.122952472009734
1339 4.154502564689047
1340 4.179450478173809
1341 4.1469080943675
1342 4.111716301744858
1343 4.102083738696533
1344 4.098890109171859
1345 4.1173977757036
1346 4.126927086576541
1347 4.1613627265338735
1348 4.164358896544008
1349 4.206960179259998
1350 4.170830284116122
1351 4.1239820633812405
1352 4.150241919435221
1353 4.18871382025618
1354 4.191491360015527
1355 4.1600503035665195
1356 4.157230582555022
1357 4.1390289798772075
1358 4.18179255197565
1359 4.210921564121675
1360 4.217979693088831
1361 4.195359812152932
1362 4.202634019659777
1363 4.116917668860283
1364 4.0905196716355485
1365 4.125498726366573
1366 4.18824988101253
1367 4.13356254679614
1368 4.123361300576154
1369 4.158320159764937
1370 4.060226386736988
1371 4.044576808529765
1372 4.115962056172655
1373 4.122836027887699
1374 4.11355652415879
1375 4.168584802207422
1376 4.165861320768679
1377 4.145394662644174
1378 4.1485097725186515
1379 4.162578953998367
1380 4.1425900588377775
1381 4.099958319739518
1382 4.0018751552503025
1383 4.003910750166867
1384 4.061673508049601
1385 4.108401430795761
1386 4.168029050373711
1387 4.187771739318237
1388 4.146323484184889
1389 4.164300378664199
1390 4.16913929413614
1391 4.200302555722114
1392 4.149693481689523
1393 4.14525309110195
1394 4.1905432823864945
1395 4.2047248707000895
1396 4.119616407026382
1397 4.098824962915185
1398 4.171644344923326
1399 4.203352437873286
1400 4.1988540374620795
1401 4.177794466134621
1402 4.179456894385284
1403 4.1900203613988145
1404 4.1600476650349725
1405 4.135446900408134
1406 4.159978366490758
1407 4.185290764845093
1408 4.166669345586424
1409 4.191315050932703
1410 4.10568207431566
1411 4.019994164352752
1412 4.03907372263362
1413 4.15382605065572
1414 4.2392568668917185
1415 4.246172467270513
1416 4.178695594093219
1417 4.172693529614139
1418 4.108470485925913
1419 4.109865890111233
1420 4.184736445405162
1421 4.179819359952533
1422 4.175969178133378
1423 4.222660688093749
1424 4.206161400952448
1425 4.103841052001266
1426 4.082390852780495
1427 4.11135501894557
1428 4.176244342187882
1429 4.2311285918901795
1430 4.169113535524594
1431 4.110737765401833
1432 4.12670150665349
1433 4.145565813248595
1434 4.174363814483995
1435 4.105448405433194
1436 4.112838734702445
1437 4.19578480177724
1438 4.2044698071501365
1439 4.174404784959532
1440 4.105526577513003
1441 4.082134785093032
1442 4.129988637105475
1443 4.15747042200266
1444 4.146699911909759
1445 4.078635924236088
1446 4.0778516358672245
1447 4.1421941833371445
1448 4.157094139353073
1449 4.217141419683562
1450 4.208208183216617
1451 4.207550799336308
1452 4.217035979305633
1453 4.1569466396455015
1454 4.128362953022612
1455 4.157705467549266
1456 4.165792923412376
1457 4.1854720115827675
1458 4.052986916107654
1459 3.9958530055304373
1460 4.038546354358287
1461 4.151724232081434
1462 4.121516993816256
1463 4.16292231995905
1464 4.234350164675675
1465 4.224084557420827
1466 4.183752983412329
1467 4.1307880783545174
1468 4.115578613119029
1469 4.134460325795966
1470 4.165267401917965
1471 4.174382091268875
1472 4.192560319168
1473 4.19822852056754
1474 4.08607522024864
1475 4.060592279813257
1476 4.1228548444781605
1477 4.190073785175652
1478 4.136910062525468
1479 4.100297417908683
1480 4.127949669365029
1481 4.120695919386829
1482 4.128423621554172
1483 4.143434484055466
1484 4.115688102076906
1485 4.148471128187215
1486 4.16123383906522
1487 4.164190165832921
1488 4.1493487405470475
1489 4.1717564330812955
1490 4.132796578936298
1491 4.093250396107234
1492 4.1361430420257586
1493 4.10923913852707
1494 4.077182972345766
1495 4.071873092402079
1496 4.138339257610444
1497 4.12859309400636
1498 4.152726099517766
1499 4.116202437288114
1500 3.9950212070075284
1501 3.9762063578900224
1502 4.062860205811168
1503 4.169610244620469
1504 4.192669509753305
1505 4.1623905942524075
1506 4.153793253199551
1507 4.173872375619784
1508 4.205970775723269
1509 4.186327555190967
1510 4.198583127738604
1511 4.165567287897856
1512 4.180681146365411
1513 4.185925208637066
1514 4.174475470793555
1515 4.115470756526964
1516 4.085353843317016
1517 4.142138817797177
1518 4.214258379476485
1519 4.224076752323413
1520 4.1704309367624255
1521 4.169502541755891
1522 4.196366499281707
1523 4.137262580379928
1524 4.112273779618463
1525 4.116471952153636
1526 4.1851700869796264
1527 4.204136543610493
1528 4.185423778843836
1529 4.138511923255333
1530 4.105346339537184
1531 4.112479623424572
1532 4.135112044964257
1533 4.072801236632743
1534 4.09093586330427
1535 4.141133362719658
1536 4.1029624783093075
1537 4.140124733045167
1538 4.106919990301831
1539 4.065685899187462
1540 4.102361476385826
1541 4.0838971576539675
1542 4.031437284975899
1543 4.068806939916439
1544 4.144055420354009
1545 4.159573470884978
1546 4.198998905228546
1547 4.209562230222412
1548 4.225597469330817
1549 4.251663490437661
1550 4.237225950153603
1551 4.232037268417637
1552 4.2017112666504195
1553 4.196937775248167
1554 4.134083646051933
1555 4.103980530352337
1556 4.103384400256537
1557 4.06794875903054
1558 4.019822278972026
1559 4.068922577052324
1560 4.14422287161731
1561 4.1640184616447025
1562 4.173665315107136
1563 4.087662947245882
1564 4.066365680868557
1565 4.126731226696696
1566 4.214392685049976
1567 4.18787993532581
1568 4.108870133780955
1569 4.096847075919713
1570 3.9925826360190717
1571 3.8882870455016256
1572 3.912074753583703
1573 4.059208279717572
1574 4.22221191788195
1575 4.183296322141897
1576 4.159182514417738
1577 4.1953205279006465
1578 4.177433681974735
1579 4.119127040571646
1580 4.131161306144138
1581 4.190802913260748
1582 4.1759937359296
1583 4.11275734380392
1584 4.125046455093963
1585 4.167951835693338
1586 4.120096033991389
1587 4.1041753360078275
1588 4.078214431367611
1589 4.080623039406821
1590 4.1723991437941885
1591 4.14682746865411
1592 4.11286553678514
1593 4.112610441620659
1594 4.173739544815104
1595 4.2004434586835275
1596 4.106273988095793
1597 4.078254357205794
1598 4.132166091510097
1599 4.135126001960309
1600 4.114062670572435
1601 4.17370253179769
1602 4.165853070284749
1603 4.097432836366086
1604 4.109344287064314
1605 4.177153681735147
1606 4.129173005070075
1607 4.145103581068436
1608 4.144090750713185
1609 4.1638362064787104
1610 4.204076050486013
1611 4.1050417438299815
1612 4.048441502608061
1613 4.080470835375413
1614 4.144242188163758
1615 4.1667808130567945
1616 4.175906883997746
1617 4.173886968218362
1618 4.169191591988063
1619 4.177485264322264
1620 4.2272428213941
1621 4.117611574722949
1622 4.03495901444474
1623 4.030313767657846
1624 4.107269173935147
1625 4.144525678780345
1626 4.038271921619378
1627 4.024135168347692
1628 4.064281741383607
1629 4.083695014549489
1630 4.113820754152687
1631 4.034797997626348
1632 4.040230081941337
1633 3.9962323587858712
1634 3.975940887153573
1635 4.0617762902825785
1636 4.152572802092702
1637 4.228905628949653
1638 4.239894728515489
1639 4.1817075384811
1640 4.168092110270051
1641 4.088681869550063
1642 4.056822475300561
1643 4.109883944154399
1644 4.159811773112198
1645 4.186527821773087
1646 4.174187629456475
1647 4.1169479377761995
1648 4.125284079597282
1649 4.103894107831413
1650 4.136013812351472
1651 4.135060814694945
1652 4.194189211541871
1653 4.180123786691531
1654 4.093765572616584
1655 4.060447292561367
1656 4.107541779604966
1657 4.0939492574786795
1658 4.152231612285217
1659 4.190993743650444
1660 4.198329493537912
1661 4.167440594842227
1662 4.179499903948118
1663 4.150006571239807
1664 4.1632693715530955
1665 4.19707116536583
1666 4.138542828163368
1667 4.139115039400571
1668 4.182627562351466
1669 4.138930884148432
1670 4.106074443960372
1671 4.148977985302918
1672 4.179859793101863
1673 4.133330389262564
1674 4.1541923721895655
1675 4.13783833191825
1676 4.1113411128676525
1677 4.126854826044285
1678 4.099339836248524
1679 4.112441423374655
1680 4.188223141941338
1681 4.184935977146615
1682 4.141128462749438
1683 4.153617758568063
1684 4.108227597441005
1685 4.130127237086597
1686 4.150807405249071
1687 4.136644455917186
1688 4.161252417672115
1689 4.106847116589142
1690 4.11215185120149
1691 4.173730979056191
1692 4.185932615566452
1693 4.2028869343049
1694 4.188931455147011
1695 4.208417731191127
1696 4.201655459527558
1697 4.18255625716495
1698 4.1771916545148295
1699 4.112598394767746
1700 4.10976614550281
1701 4.183699012299299
1702 4.20236923996281
1703 4.14808374029493
1704 4.108588250428873
1705 4.144839204573061
1706 4.167107552816755
1707 4.17059896346386
1708 4.161693272793555
1709 4.148669181974554
1710 4.095946143195422
1711 4.105064815389102
1712 4.15347071333978
1713 4.176329671268514
1714 4.184529535560978
1715 4.159613631563542
1716 4.131111310329032
1717 4.168063774572707
1718 4.1454921051733296
1719 4.092221530123322
1720 4.081899516371654
1721 4.150795771174526
1722 4.140710478791155
1723 4.114610685398752
1724 4.109095532250588
1725 4.144008780783237
1726 4.156581948934036
1727 4.178089849453165
1728 4.149268111780423
1729 4.165735154353227
1730 4.216750250998054
1731 4.218005991279515
1732 4.228921758122525
1733 4.2127762344513435
1734 4.205533427539476
1735 4.186117286740894
1736 4.212885733925902
1737 4.174312220473349
1738 4.108464486639173
1739 4.08871336757033
1740 4.1467499894403455
1741 4.126445105320984
1742 4.095083448088158
1743 4.049669230027311
1744 3.998786886778218
1745 4.043993138393072
1746 4.123084633921999
1747 4.116540694038725
1748 4.170969214643283
1749 4.095984444342578
1750 4.047692413639566
1751 4.089879555818776
1752 4.12562582207419
1753 4.102295378501273
1754 4.143643119478106
1755 4.203936615152218
1756 4.177263532845094
1757 4.111050749986691
1758 4.044578899692098
1759 4.05145629609482
1760 4.1319602492191825
1761 4.175273832509487
1762 4.1993400709181055
1763 4.200288563661518
1764 4.123051693315415
1765 4.073048396265786
1766 4.1109173656950855
1767 4.222701550485253
1768 4.200272812772303
1769 4.1379187970269005
1770 4.148505075245427
1771 4.179221943900979
1772 4.173888698729485
1773 4.167085002854697
1774 4.119275339037178
1775 4.142048134381678
1776 4.164589581389221
1777 4.146048630728339
1778 4.186116036495283
1779 4.167955487152356
1780 4.172778069536137
1781 4.166172727111124
1782 4.1853496110798565
1783 4.113884937995683
1784 4.114124897011296
1785 4.185448045153465
1786 4.206108275548278
1787 4.181604770067026
1788 4.151564543995805
1789 4.124252942068999
1790 4.130593444676108
1791 4.155861471668636
1792 4.142692902469984
1793 4.166439666168641
1794 4.1669409119303245
1795 4.171037767325295
1796 4.198233379286918
1797 4.114860851557407
1798 4.097789446779366
1799 4.063398789079051
1800 4.063104512519684
1801 4.147213059791416
1802 4.072029007646139
1803 4.0624188417135025
1804 4.079261957906204
1805 4.145436796744797
1806 4.145402013707364
1807 4.138295138803458
1808 4.2648050386315175
1809 4.207711518543223
1810 4.075263745203259
1811 4.04573769987237
1812 3.5933002455938854
1813 3.9898580350400246
1814 4.257196838700327
1815 4.270711833369611
1816 3.97702999081567
1817 4.2443146187719805
1818 4.453008718659331
1819 3.8341847606570663
1820 3.9690475980947255
1821 3.6677771671455286
1822 3.9193332393855447
1823 4.0834258929717535
1824 4.288410098469544
1825 4.263091228255462
1826 3.94219480686585
1827 4.195984012249623
1828 3.9108156719446976
1829 4.224692416902385
1830 4.225048808886641
1831 3.971732970694927
1832 4.0292291763477515
1833 4.145006716790861
1834 4.128546279251202
1835 3.7581153401179175
1836 3.8826423546500597
1837 3.891030003226006
1838 4.28780749741592
1839 3.956747129782646
1840 3.98790380213444
1841 3.7307281442073346
1842 4.0099408043342715
1843 3.9352827095307177
1844 4.025218518716864
1845 4.072459943430579
1846 3.9578088079454523
1847 3.8634804954116446
1848 4.009533236751091
1849 3.9979381424547467
1850 4.1368743132665635
1851 3.9864369853826913
1852 3.6643886733447224
1853 3.627097069521066
1854 3.9267649762599066
1855 4.27503212022443
1856 3.8911726100409862
1857 4.216477581509018
1858 3.96423500662064
1859 3.981766388828233
1860 3.9950866889973464
1861 4.22212959152479
1862 4.18430880460752
1863 3.8036130354918516
1864 4.32336909514107
1865 3.8986943844835538
1866 4.34935433738022
1867 3.8631468057925407
1868 3.766153607028268
1869 4.09124673278239
1870 4.403710539013894
1871 3.9196911021815395
1872 4.2821189624327385
1873 4.1475882827307045
1874 4.26213252157244
1875 3.957119832914023
1876 4.201827263401969
1877 4.251216236830149
1878 4.354726705050398
1879 3.9108137263531697
1880 4.007781165181521
1881 4.09753663490235
1882 3.9798526245700963
1883 4.331938462623662
1884 4.192926504550325
1885 3.8505556892363773
1886 3.9542166924965017
1887 4.3828754144749285
1888 3.907790384483406
1889 4.223345028119941
1890 3.950599891880581
1891 4.156637693475721
1892 3.9432071615310216
1893 4.209474999971688
1894 4.18480086026886
1895 3.797912316446122
1896 4.366224972176755
1897 4.067459251865262
1898 4.127325707836755
1899 4.091326138677172
1900 3.917792531788137
1901 3.959508163972995
1902 4.006280359362619
1903 4.209797675092736
1904 4.093829391216697
1905 3.772952416675109
1906 3.8880438963534947
1907 3.819688495189544
1908 4.21955734012526
1909 4.20186551397014
1910 4.292469390526594
1911 4.017231889213598
1912 3.8306832870021084
1913 3.8837613525597288
1914 4.257626492521423
1915 4.329673872346381
1916 4.200918583226028
1917 4.120334403841511
1918 3.986308629521178
1919 4.294424355799626
1920 4.120796884181439
1921 4.2661619634524515
1922 4.296508944477138
1923 3.8769123939624053
1924 3.969704720228122
1925 4.008167055926977
1926 3.849783557683382
1927 4.040530480743379
1928 3.6308620452069595
1929 4.2695557914762325
1930 4.164642871103011
1931 4.028027975718254
1932 3.6726720354285898
1933 3.86767239594596
1934 3.533441373229298
1935 4.263710185979234
1936 4.216443626425605
1937 4.222204950378802
1938 4.184262399092978
1939 3.937880887524804
1940 4.064190630692359
1941 4.204263341911929
1942 4.182989699386047
1943 3.941581573771244
1944 3.617032002005382
1945 3.9600315453268955
1946 3.934451116869982
1947 3.992508002744822
1948 3.9638525514313487
1949 3.641488369640295
1950 3.787365871514029
1951 4.0632961921883775
1952 4.120720424538807
1953 3.795975481096917
1954 4.305615257818737
1955 3.7029889966662903
1956 3.7879874010840333
1957 3.868040353708084
1958 4.115204396741751
1959 3.554798753745169
1960 3.805432898313731
1961 4.048634754895712
1962 4.114004378546239
1963 4.099785301136745
1964 3.911130025976794
1965 3.8387652149324456
1966 4.273462608822041
1967 3.9358692068668155
1968 4.202431304697382
1969 4.104800852218203
1970 3.9378757257796595
1971 3.7668561203405275
1972 3.90660635667613
1973 4.337679090113113
1974 4.253252405715302
1975 4.291026560047977
1976 3.9794138206891745
1977 4.119647011450986
1978 4.023043761492915
1979 4.31686866128698
1980 4.136335861080267
1981 4.1433674438042045
1982 4.109987519629032
1983 3.8569241558117557
1984 4.10830664455306
1985 4.184615170711387
1986 3.947253553450949
1987 3.9727475056316726
1988 4.119346628853069
1989 4.3341086056280504
1990 3.8267535441170946
1991 4.050645039128635
1992 4.29974858535801
1993 3.9518446096327655
1994 4.341018141304388
1995 4.138233111760074
1996 4.245584596030458
1997 3.701814218887832
1998 4.202039627796717
1999 4.067738322766907
2000 4.125956069629509
2001 4.106821741183228
2002 3.860496201568536
2003 3.987948014962917
2004 3.9639604040141734
2005 4.337499511267462
2006 4.151354872128467
2007 4.041296069094259
2008 4.134117577739312
2009 4.063588391885316
2010 3.989109520106605
2011 3.8210897373380908
2012 4.27913441904667
2013 3.9694320736990143
2014 4.155871476735257
2015 3.9181298560658115
2016 4.347739355413855
2017 3.889452234070511
2018 4.117305182437186
2019 4.247407710667805
2020 3.876365697851947
2021 4.008108831504171
2022 3.890517869828012
2023 3.9546098674193306
2024 4.237153987096195
2025 3.966175397487656
2026 4.0396513144863935
2027 3.8682662025379266
2028 3.7768373226025362
2029 3.948945882650129
2030 3.589162574165079
2031 3.9226386267494875
2032 3.8572856211497806
2033 3.9998250924160486
2034 3.814553454691302
2035 3.9922602957988835
2036 3.7810777668007085
2037 3.953589136488623
2038 4.1590528374080025
2039 4.469945037642478
2040 3.996996880527113
2041 4.206896966036436
2042 4.085562628629401
2043 3.9437776184358815
2044 4.2223962490000115
2045 4.110136985955485
2046 4.278167446148613
2047 4.343730266731246
2048 3.9935895134331103
2049 4.070567063402387
2050 3.80617095033945
2051 4.022127584441098
2052 4.141265517326588
2053 4.123660833452869
2054 3.80757657369551
2055 4.136486295169169
2056 4.051946913765078
2057 4.436044774513444
2058 4.24376837244463
2059 4.040391813073033
2060 4.3044398195370634
2061 3.9104141488902275
2062 4.209296831896399
2063 3.839788349022878
2064 4.228575069441668
2065 3.7911215021069857
2066 3.9155778350265007
2067 4.109773240156061
2068 4.02481892148561
2069 3.871842719368834
2070 3.8740774348704994
2071 4.032410963283372
2072 3.9195973640995287
2073 4.138883563797238
2074 4.099121545097044
2075 4.015965587816403
2076 4.235362642243021
2077 4.093477700820295
2078 4.168227823505932
2079 3.996883663743865
2080 4.156453303616821
2081 4.188534812251071
2082 3.972357856285163
2083 3.901216364934862
2084 4.469945037642478
2085 3.7799932413560366
2086 3.8129020429822584
2087 4.129545446189497
2088 4.046366045058593
2089 4.184792959843614
2090 4.230999892195639
2091 4.232651955270605
2092 4.055308257896868
2093 3.989567939112677
2094 4.196036436604303
2095 4.103108705004454
2096 4.1768536504757545
2097 3.7121008664646324
2098 4.003722605368332
2099 3.762107991180453
2100 4.275010698614407
2101 4.030963391243943
2102 3.6999331133678752
2103 4.33579973241766
2104 3.8311286458504754
2105 4.015194202610986
2106 3.798617538475987
2107 4.192279465966154
2108 4.211525264100741
2109 4.069961830977294
2110 3.953509309759202
2111 3.975051656527999
2112 3.7670658205590457
2113 3.9668910437236855
2114 3.9548469579845853
2115 4.155331545310985
2116 4.469945037642478
2117 4.360507501317503
2118 3.893499764480489
2119 3.908160079153401
2120 4.094936020985487
2121 4.337417685859546
2122 3.864979972650945
2123 4.1191317858030425
2124 4.18400893352156
2125 4.206762758327456
2126 3.6109237408497745
2127 3.9174932586363904
2128 4.1240992151152405
2129 4.169752588525577
2130 4.147292886159597
2131 4.14261145793595
2132 4.2601000422723505
2133 4.044473901971806
2134 4.2778320111642705
2135 4.020960249211115
2136 4.378962590634501
2137 3.9755844868345673
2138 4.206141286295622
2139 4.057728336145804
2140 3.8732753304486174
2141 3.870862127088176
2142 4.107610374204246
2143 4.011779346077658
2144 3.975327038370118
2145 4.0096151576970405
2146 3.959211855563782
2147 4.116876293888496
2148 4.373835037671708
2149 4.293380250124241
2150 4.125727673048927
2151 3.86531888284843
2152 3.8594520800725434
2153 4.228853841197467
2154 4.167455382096086
2155 3.8407376484276288
2156 3.9513655274444313
2157 4.328883925906656
2158 4.315663384396832
2159 3.957879505837308
2160 4.085599149448557
2161 4.019284723296843
2162 4.1867592366606505
2163 4.038986342123475
2164 4.1261930919279015
2165 4.253449293063455
2166 4.23221579445765
2167 3.699936186042046
2168 4.012182356777544
2169 4.127031209763132
2170 4.225625718003201
2171 4.202912919523209
2172 4.266734781666423
2173 3.6622691014012676
2174 4.188548862950264
2175 4.362296122439454
2176 3.567803880493095
2177 4.151308508045297
2178 3.58258417757545
2179 4.116629218793814
2180 4.043225616027826
2181 4.17881885429325
2182 4.0717763267807765
2183 3.7765838624568264
2184 3.8168347668635
2185 3.9465164937834896
2186 4.236131151774297
2187 4.149515768478465
2188 4.017276903184736
2189 4.171871417159884
2190 3.9734387332649415
2191 4.140676383959384
2192 4.22109367910514
2193 3.7285803257586276
2194 4.116071754764475
2195 4.2933462594339185
2196 4.1238746479288375
2197 3.7008234445139383
2198 4.133361858204689
2199 3.879868094758267
2200 4.16187346673441
2201 4.106591561658832
2202 4.106270836583059
2203 4.069501619661234
2204 3.92507937112576
2205 3.8022895519592472
2206 4.063720258348763
2207 3.731322485461254
2208 4.304872926765022
2209 4.202842764891931
2210 3.76048332439917
2211 3.825005446542723
2212 4.213388170504526
2213 3.8812367066287914
2214 4.166151209790498
2215 4.118069346069124
2216 4.08108651890196
2217 3.997622309696497
2218 4.169364783009421
2219 4.119673637952856
2220 4.144215445627823
2221 3.846461169922259
2222 4.13990209102151
2223 4.021616837132098
2224 3.8540455572609433
2225 4.0276124324585005
2226 3.6674684259485377
2227 4.054202980051992
2228 4.045749281338845
2229 4.070152175057937
2230 4.469945037642478
2231 3.7191626488145935
2232 4.25460065189056
2233 4.091244815437775
2234 3.9348930420452137
2235 4.267836552327615
2236 4.0846728721893735
2237 4.010757388489332
2238 3.990090049609894
2239 4.113741363636631
2240 4.262608795491008
2241 4.190139967427406
2242 4.180566716677495
2243 3.7376642846895796
2244 4.1647864787727045
2245 3.9185797120708648
2246 4.230004147738193
2247 3.949787522012565
2248 4.134402250096557
2249 4.106716179721313
2250 4.02486404637381
2251 4.22484348997795
2252 4.212632577569791
2253 4.143293551661669
2254 4.1954357665703075
2255 4.021588095487808
2256 3.8702744686978403
2257 3.912682002925401
2258 4.116476617206697
2259 4.248964110034059
2260 4.121720182327745
2261 4.222340867718659
2262 4.062281384804837
2263 3.7307007685998714
2264 4.065545132155028
2265 3.995736269985899
2266 4.239727762916094
2267 4.018271587922846
2268 4.142531275117935
2269 4.124328287669963
2270 3.845770700172157
2271 4.016926270624769
2272 3.9309205552914914
2273 4.073771430935568
2274 3.660516217859339
2275 4.330362475354832
2276 4.058900210821855
2277 4.3000735385904045
2278 4.2844475179595864
2279 4.162693280590297
2280 4.024453668253509
2281 4.050520543009913
2282 3.7870020516925464
2283 4.229793148816383
2284 4.231879051053203
2285 4.229411624610073
2286 3.828379324763948
2287 3.815377417922104
2288 4.100128520346968
2289 4.008019574244515
2290 4.192350991339341
2291 3.7956984413207966
2292 3.7785121879322454
2293 4.077210460773573
2294 4.206043212423777
2295 3.9389480642014134
2296 3.795783264223356
2297 3.9477084478019018
2298 4.286043214473123
2299 4.027828890390973
2300 3.7329992634613305
2301 4.267471050594363
2302 3.9373351351455836
2303 4.212601030688115
2304 4.151285397713129
2305 3.7349729396756226
2306 4.235507124189877
2307 3.523089910890724
2308 4.098776684898141
2309 4.269107129208787
2310 4.0156442030668185
2311 3.9629433381286847
2312 4.469945037642478
2313 4.281353365309219
2314 4.014227921462732
2315 3.979994757618678
2316 3.9951682949892646
2317 3.7799656573405893
2318 4.170309992998139
2319 4.0877509075908645
2320 4.228570917367861
2321 4.205859290832399
2322 4.164538170983454
2323 3.9774114995653025
2324 3.862165427367966
2325 3.95562207313253
2326 4.469945037642478
2327 4.154131721819968
2328 3.9401637723963003
2329 4.016419349174724
2330 3.869259061483907
2331 3.795685589093868
2332 4.015567535858264
2333 4.071463079556711
2334 3.8437724498074406
2335 4.108052051686531
2336 4.100193109091677
2337 3.8908202645672536
2338 4.095455513424357
2339 4.086931867978243
2340 4.136232933911961
2341 3.7645894658521244
2342 3.8716992991512296
2343 3.941956571451916
2344 4.330599758635123
2345 3.950423560212489
2346 3.814637043905298
2347 4.100813570411633
2348 4.164692233642629
2349 4.30805997835176
2350 4.339829940806759
2351 3.8395542450683933
2352 4.074411250712997
2353 3.896054329294048
2354 4.273789904538627
2355 4.099556605416028
2356 3.864528923580613
2357 4.115436857159883
2358 4.288671707930652
2359 4.375392986810892
2360 4.090606279386347
2361 4.149516599918311
2362 3.9874883732915487
2363 4.1607512295056255
2364 3.9624283288314963
2365 4.206547361850831
2366 4.195142687219332
2367 4.18232495307626
2368 3.978452567723318
2369 3.8357771207813225
2370 4.280379224447488
2371 3.842846606928555
2372 4.127677311215162
2373 3.585877963937049
2374 3.8601839528789514
2375 4.028461779312349
2376 4.133026783836762
2377 4.304165682814648
2378 4.2192752708068575
2379 4.055744073986648
2380 4.257080983593998
2381 4.103686207491937
2382 3.9808994839931238
2383 4.054137186771608
2384 4.0702758778454005
2385 4.146703943764414
2386 4.3179121782468295
2387 4.044853140047608
2388 4.193569150714473
2389 4.1701344457901595
2390 4.314128369141555
2391 4.063254765465294
2392 4.0751043150817345
2393 3.977428829452161
2394 4.237925214422987
2395 3.830002204065973
2396 3.887221507236686
2397 3.9472621631804827
2398 4.241679553135729
2399 4.210822385642489
2400 3.9903343230268398
2401 4.182554562948244
2402 4.092700729671333
2403 3.320630936988962
2404 3.7649602353389957
2405 4.125985659606458
2406 4.024944673413932
2407 4.172116045548941
2408 3.9600241525409148
2409 3.763897795652779
2410 3.9676552777858562
2411 4.056373062234184
2412 4.130252529789703
2413 4.141993711963575
2414 3.941732913349384
2415 4.2127148900135625
2416 4.131216445499864
2417 4.380433909118169
2418 4.254060026794953
2419 3.497609258168464
2420 4.13589039841998
2421 4.290429628006629
2422 3.880091320716956
2423 3.9088259440338153
2424 4.035695662990644
2425 4.327027508545314
2426 4.05299964622504
2427 4.126033886752474
2428 4.1129929446538815
2429 3.8522738107718673
2430 4.230231805778419
2431 3.798989632351487
2432 3.9850915806883087
2433 4.207962966093261
2434 4.044573103361483
2435 3.9953877371220488
2436 3.816761100056726
2437 4.030112048680845
2438 4.2740968987133385
2439 3.829543027727664
2440 4.256869998544827
2441 4.230292008914801
2442 4.164667114296356
2443 3.8543025011675
2444 3.209083216460791
2445 4.21482360128655
2446 3.7075743618517496
2447 4.21296038081456
2448 3.8865536175334223
2449 4.047421633891934
2450 4.259136084041287
2451 4.0279136489339775
2452 4.018776940950646
2453 4.292587874661556
2454 4.033399439998862
2455 4.157650202704267
2456 3.647307875770033
2457 3.6275058049018356
2458 4.0400034478178295
2459 4.183509972072424
2460 4.257099066215299
2461 3.9961626129699455
2462 3.907804397154374
2463 4.3073135222470444
2464 3.953594413695166
2465 4.15749893788737
2466 3.8109323811888816
2467 3.882199629716612
2468 3.87976040804144
2469 3.8498642098270515
2470 4.105435397233488
2471 3.972613321212424
2472 3.8953490888258973
2473 4.166491989895405
2474 3.911274987044387
2475 4.123647711752335
2476 3.8284356159030986
2477 3.5123512857019876
2478 4.138048158919698
2479 4.074216446238936
2480 4.3607122818494
2481 4.116335888404576
2482 3.6977068498925756
2483 3.9230668443868466
2484 4.209847711554959
2485 3.9175837079849147
2486 4.312116363897837
2487 3.9916262870584207
2488 3.983214399756034
2489 4.267283554281688
2490 4.034155857948075
2491 3.918878032722399
2492 3.970194958622818
2493 3.9695876390665306
2494 3.8386522364179125
2495 3.908319504864976
2496 3.7834613706112625
2497 4.263276721133071
2498 4.26689858689716
2499 4.032618163794635
2500 3.9722194714921724
2501 4.02621920781815
2502 3.946235928342707
2503 3.7541552626870733
2504 4.089002712896674
2505 3.7069955557319005
2506 4.1612497311777075
2507 3.6876377179770694
2508 4.145826619680298
2509 3.770505811162825
2510 4.1381401944666445
2511 4.07813924930714
2512 4.030093964898534
2513 3.869866970829328
2514 4.29972447034759
2515 4.174132922593891
2516 4.051250721565409
2517 3.78336707376787
2518 3.9141950014980313
2519 3.8531560574981283
2520 4.100115486324172
2521 4.240310305498724
2522 4.073495478075616
2523 4.298926303098956
2524 3.699978885371588
2525 4.159161268115747
2526 3.968941573823223
2527 3.9293980779564217
2528 3.668999650835809
2529 4.1899806914121305
2530 4.12286711858816
2531 4.170092779915424
2532 3.850943190519142
2533 4.0277787474001725
2534 4.0454099284892635
2535 4.3939775032103885
2536 4.054483248877666
2537 4.273857959628026
2538 4.059773496684797
2539 4.154250263301483
2540 3.9773022637757864
2541 3.6844981516909585
2542 4.076732347796301
2543 3.945334371321781
2544 3.8727173511310147
2545 4.226488876372775
2546 3.9471842517887916
2547 3.909243529944248
2548 4.245856872463714
2549 3.9150435662039995
2550 4.213247416213049
2551 3.737122154403727
2552 4.0489916322387876
2553 3.733896799314482
2554 3.9707006421798097
2555 4.025681948591089
2556 3.993552807167986
2557 4.150766056165808
2558 4.186564910664815
2559 4.143343411224239
2560 4.110090888593596
2561 3.858854558274601
2562 4.184799118685231
2563 3.983408071052484
2564 4.141765913757486
2565 4.114571777209608
2566 4.240274649896408
2567 3.808625091219122
2568 4.301630148654733
2569 4.189045264101698
2570 3.9966156415915206
2571 3.9766908982900513
2572 4.232277354329123
2573 3.889443331155626
2574 4.24844949682756
2575 3.8495956111142235
2576 4.061140049399815
2577 4.106615296880553
2578 4.167626324508775
2579 4.098481637887438
2580 4.131868804054294
2581 4.132029289728858
2582 4.007749551735747
2583 4.135556085937639
2584 4.014569981304576
2585 4.064983375773645
2586 3.903549043518086
2587 3.8144949711568983
2588 3.9860774563457784
2589 4.2167235291750425
2590 4.085721930672796
2591 4.147522147920252
2592 3.943009492962068
2593 4.099774539910301
2594 4.0541835149148495
2595 3.9718797606501868
2596 4.118749896967956
2597 4.12937000826055
2598 4.0147965253009446
2599 4.003972604144476
2600 3.862229087004045
2601 4.039265498331338
2602 3.890886311289263
2603 4.415066224094728
2604 4.29583574157693
2605 4.469945037642478
2606 4.254660199085012
2607 4.322921392480298
2608 3.91399377350587
2609 3.8498608822976
2610 4.07491875620861
2611 4.190055864924685
2612 4.019607640157059
2613 4.252458567263964
2614 3.9619540611492803
2615 4.012889864751152
2616 4.181594699476578
2617 4.241821725285534
2618 3.967922178458305
2619 3.898462119867855
2620 3.5053936759692057
2621 3.7855741363712294
2622 3.8134825768941507
2623 4.077766705109333
2624 3.9945467235371623
2625 4.078944563173157
2626 4.063265096994585
2627 4.096048814773952
2628 4.031317034979275
2629 3.654346493053349
2630 3.734868119035355
2631 4.153259469903908
2632 4.187549874575966
2633 4.095053169553792
2634 4.173856066271666
2635 4.2181701793728115
2636 4.030404948393645
2637 4.08592556013879
2638 4.431218318945437
2639 4.090767094754074
2640 4.137589560816106
2641 4.070598751952034
2642 4.203865745235072
2643 3.8625171020472107
2644 4.167622847732111
2645 3.8526491467640884
2646 3.980260577227936
2647 4.0394846249146275
2648 4.2815775976866846
2649 4.3029602619917355
2650 4.109686136303122
2651 4.032980694883779
2652 4.004215180880587
2653 4.457444969347704
2654 4.060467147546447
2655 4.045123290902912
2656 4.04978048079482
2657 4.361497854268321
2658 4.17015468333076
2659 4.469945037642478
2660 4.117178016222502
2661 4.229230499491147
2662 4.092381342847866
2663 3.820659874003767
2664 4.062356763434589
2665 4.208186098446271
2666 3.8220272446716037
2667 3.979119147688476
2668 4.442314735835067
2669 3.840599895421182
2670 4.040834245716864
2671 4.103157084636592
2672 4.048311857692028
2673 3.9435678987962555
2674 4.19967190244596
2675 4.1695261400984895
2676 4.139160526831471
2677 4.137624243966876
2678 4.20743682250663
2679 3.857574541231931
2680 4.2168160987163406
2681 4.096751112814773
2682 3.6552636238657725
2683 4.260834084703468
2684 4.143915298722718
2685 4.1872323329966346
2686 4.074268846949731
2687 4.3253780947954645
2688 3.9417474765346348
2689 3.830470137217785
2690 3.737061285245839
2691 4.282956564769299
2692 4.264755080769663
2693 3.6868428964980744
2694 4.000020422704455
2695 4.0567525676367655
2696 4.138085182488915
2697 4.116727759927322
2698 3.908064533153963
2699 4.080985254508615
2700 4.061824593965277
2701 3.836551602546394
2702 4.18509729571738
2703 4.236619205725063
2704 3.9748620928093024
2705 3.861008398282974
2706 4.2257743440953845
2707 3.960527558036636
2708 4.059912469670722
2709 4.127103856571864
2710 3.939118876594725
2711 4.027705933741377
2712 4.049361507417997
2713 4.237932841140194
2714 4.198085608848339
2715 3.638803503138741
2716 4.414459924862676
2717 4.1802950964543
2718 4.101301164345929
2719 4.184368851510736
2720 4.2907869308287445
2721 4.0459260120216225
2722 3.8828040804719968
2723 3.8740021157332047
2724 4.1732220617793185
2725 4.209985363836001
2726 4.229784115656418
2727 4.377152652367395
2728 3.9798788748575844
2729 4.242313240015801
2730 4.075911445098966
2731 4.014225187377528
2732 4.077337932703217
2733 4.0590267975860845
2734 4.011938463842812
2735 4.09902468740763
2736 4.222922821597718
2737 4.094137636971194
2738 4.257288397919985
2739 3.6436713597628017
2740 4.259005068160416
2741 4.138701781585988
2742 3.918244382865393
2743 4.006804669840252
2744 4.140263421170409
2745 4.008584896785244
2746 4.2143564094224075
2747 4.350212392865131
2748 3.8517425495394306
2749 4.275770214182126
2750 3.7839591264342847
2751 4.232594976691897
2752 4.3813899428977106
2753 4.1793961144807055
2754 4.077071645301612
2755 4.068405070729424
2756 4.145129223036533
2757 4.0974069933102815
2758 4.000661517695798
2759 4.043367619541936
2760 3.899250003007958
2761 4.074425215283094
2762 4.037992789652936
2763 3.6558241524201067
2764 4.164562740688602
2765 4.1282165500676165
2766 4.277592638818316
2767 3.960873408142481
2768 3.995324293988654
2769 3.8580045691201272
2770 4.1134590346387165
2771 3.978198234920233
