[[990, 797, 452, 120, 8, 93, 933, 966, 962, 827, 597, 36, 688, 710, 86, 101, 785, 364, 243, 18, 32, 808, 17, 355, 664, 639, 496, 631, 475, 153, 94, 188, 731, 118, 866, 15, 516, 499, 902, 256, 67, 684, 555, 935, 478, 71, 616, 692, 92, 528, 593, 48, 277, 845, 570, 65, 661, 310, 493, 871, 983, 273, 961, 672, 205, 465, 898, 543, 682, 20, 521, 73, 6, 342, 148, 728, 485, 674, 387, 172, 56, 79, 602, 509, 168, 78, 571, 221, 926, 28, 977, 790, 114, 994, 145, 687, 313, 466, 41, 427, 284, 679, 826, 42, 182, 279, 159, 308, 868, 894, 798, 854, 476, 43, 577, 396, 783, 358, 508, 350, 1000, 837, 480, 488, 47, 802, 483, 879, 610, 175, 451, 752, 800, 532, 835, 449, 303, 282, 127, 999, 191, 901, 447, 788, 123, 907, 106, 850, 497, 386, 838, 873, 673, 262, 657, 197, 354, 111, 720, 717, 830, 161, 595, 276, 891, 738, 332, 813, 806, 458, 993, 929, 81, 405, 220, 49, 294, 823, 39, 225, 519, 90, 812, 841, 325, 904, 472, 68, 600, 264, 75, 706, 437, 207, 104, 407, 200, 722, 471, 513, 242, 370, 211, 951, 842, 432, 179, 599, 209, 943, 62, 361, 548, 157, 512, 563, 484, 927, 143, 135, 50, 640, 170, 149, 560, 72, 968, 334, 176, 2, 685, 691, 63, 654, 819, 152, 223, 992, 444, 401, 755, 333, 213, 769, 391, 287, 551, 648, 312, 433, 327, 702, 592, 156, 546, 96, 267, 285, 421, 410, 579, 900, 539, 117, 719, 385, 281, 934, 305, 918, 408, 54, 883, 998, 239, 503, 778, 390, 316, 3, 76, 492, 991, 306, 440, 700, 736, 860, 411, 644, 490, 839, 289, 606, 379, 671, 615, 910, 212, 174, 867, 582, 469, 770, 486, 676, 29, 878, 677, 107, 911, 376, 877, 960, 144, 603, 340, 925, 297, 817, 598, 339, 886, 301, 678, 804, 522, 286, 810, 547, 617, 792, 348, 523, 343, 329, 470, 274, 87, 540, 604, 880, 562, 856, 252, 811, 381, 141, 30, 718, 822, 46, 214, 836, 321, 529, 940, 445, 861, 955, 815, 268, 498, 594, 821, 357, 517, 85, 19, 818, 959, 578, 236, 167, 987, 786, 686, 746, 70, 150, 545, 250, 169, 820, 518, 403, 335, 133, 576, 580, 857, 831, 897, 767, 641, 378, 419, 649, 829, 322, 331, 196, 464, 249, 195, 122, 680, 155, 520, 916, 266, 723, 442, 338, 881, 704, 747, 14, 438, 995, 74, 796, 626, 733, 715, 271, 707, 393, 825, 251, 659, 489, 893, 69, 137, 531, 892, 782, 859, 461, 34, 636, 967, 502, 448, 35, 398, 858, 323, 288, 653, 937, 612, 112, 874, 760, 436, 462, 525, 772, 317, 749, 1, 596, 178, 98, 665, 115, 739, 776, 10, 186, 226, 395, 928, 758, 217, 255, 216, 724, 299, 337, 725, 515, 564, 708, 397, 787, 241, 864, 565, 11, 621, 291, 64, 388, 575, 761, 748, 215, 108, 22, 365, 795, 58, 479, 952, 766, 38, 552, 88, 683, 735, 392, 885, 978, 66, 435, 645, 965, 177, 914, 584, 851, 319, 550, 784, 422, 247, 524, 912, 970, 119, 568, 980, 151, 125, 229, 235, 903, 781, 591, 450, 160, 609, 973, 666, 258, 756, 423, 670, 709, 971, 53, 430, 949, 180, 791, 656, 919, 362, 190, 384, 318, 628, 938, 884, 608, 347, 698, 662, 647, 380, 751, 25, 21, 428, 270, 969, 549, 454, 727, 482, 852, 373, 275, 618, 206, 105, 908, 260, 876, 832, 690, 536, 446, 633, 627, 265, 936, 283, 872, 573, 932, 26, 533, 23, 82, 537, 132, 351, 504, 629, 165, 187, 204, 467, 557, 833, 931, 743, 434, 116, 443, 721, 689, 630, 587, 417, 963, 807, 759, 142, 697, 453, 882, 367, 129, 457, 507, 353, 658, 510, 231, 230, 139, 290, 55, 487, 944, 768, 399, 740, 847, 535, 320, 996, 635, 988, 843, 369, 985, 737, 589, 171, 359, 473, 219, 620, 762, 713, 328, 624, 244, 984, 803, 302, 130, 745, 426, 741, 237, 394, 954, 210, 696, 409, 495, 775, 491, 530, 816, 773, 945, 848, 97, 976, 974, 669, 341, 637, 763, 870, 622, 574, 558, 712, 652, 846, 585, 750, 742, 730, 110, 744, 441, 199, 757, 61, 667, 780, 40, 675, 406, 360, 222, 183, 121, 553, 799, 849, 292, 501, 623, 59, 634, 840, 27, 663, 154, 855, 834, 844, 99, 946, 95, 198, 605, 922, 853, 192, 542, 374, 905, 814, 278, 113, 614, 233, 254, 336, 246, 887, 404, 185, 474, 314, 60, 324, 184, 7, 345, 298, 272, 526, 413, 12, 909, 383, 544, 315, 429, 619, 45, 326, 259, 494, 375, 964, 915, 824, 506, 567, 958, 655, 734, 771, 559, 307, 57], [234, 203, 703, 534, 389, 505, 729, 31, 459, 83, 953, 979, 349, 765, 638, 248, 950, 366, 607, 425, 794, 77, 632, 218, 202, 561, 906, 514, 136, 261, 51, 693, 371, 699, 296, 805, 418, 377, 240, 293, 9, 646, 939, 124, 37, 224, 705, 809, 754, 189, 330, 300, 372, 280, 181, 468, 701, 4, 660, 245, 947, 455, 554, 611, 363, 420, 586, 942, 714, 527, 456, 382, 889, 412, 131, 109, 481, 500, 100, 572, 263, 541, 774, 344, 402, 590, 711, 416, 193, 311, 982, 346, 477, 917, 888, 726, 164, 924, 227, 875, 269, 920, 948, 801, 238, 44, 650, 102, 91, 869, 460, 921, 89, 194, 140, 356, 972, 103, 930, 16, 828, 899, 162, 309, 52, 24, 694, 414, 668, 134, 695, 166, 941, 158, 304, 764, 583, 566, 588, 986, 625, 793, 5, 777, 681, 732, 146, 581, 789, 163, 439, 779, 128, 80, 431, 716, 923, 865, 232, 511, 228, 753, 257, 173, 975, 138, 415, 957, 201, 613, 352, 295, 253, 956, 862, 147, 569, 84, 890, 424, 981, 997, 463, 538, 896, 601, 895, 642, 913, 643, 13, 863, 208, 400, 989, 368, 651, 33, 556, 126], [0.00023790682469047628, 0.00024374288708109925, 0.00023427072435740776, 0.00023130902633633176, 0.0002363249587710132, 0.0002356832436267863, 0.0002315845099563882, 0.00023087024621699578, 0.0002335366890661807, 0.0002338210082556811, 0.00023145639133350987, 0.0002304334387495709, 0.00023165542641948196, 0.00023259517417745766, 0.00023178511167448428, 0.00023048938503459607, 0.0002304447325197815, 0.00023135168588606428, 0.00023149682364952205, 0.00023063998164630804, 0.00023011480471102157, 0.00023049097726072633, 0.00023091416054259162, 0.0002306409605304613, 0.00023007368571860285, 0.00022999175829866757, 0.00023033519075580676, 0.00023038126047068185, 0.0002299984040527497], {'Geodset': Geometry(Si64, Si64, ..., Si64, Si64, pbc=[True, True, True]), 'GeoSi64': Geometry(Si64, pbc=[True, True, True]), 'formation_energy': tensor([0.1009, 0.1555, 0.1285, 0.1556, 0.0544, 0.1464, 0.1060, 0.1357, 0.1237,
        0.1507, 0.1346, 0.1299, 0.1430, 0.1335, 0.1601, 0.1175, 0.1368, 0.1590,
        0.1576, 0.1345, 0.1441, 0.1277, 0.1466, 0.1145, 0.1443, 0.1413, 0.1338,
        0.1677, 0.1651, 0.1420, 0.1443, 0.1561, 0.1572, 0.1133, 0.1543, 0.1034,
        0.1103, 0.1451, 0.1607, 0.1406, 0.1533, 0.1273, 0.1198, 0.1203, 0.1430,
        0.1578, 0.1402, 0.1355, 0.1366, 0.1250, 0.1383, 0.1222, 0.1478, 0.1652,
        0.1499, 0.1742, 0.1401, 0.1550, 0.1464, 0.1201, 0.1233, 0.1265, 0.1209,
        0.1651, 0.1426, 0.1667, 0.1242, 0.1337, 0.1336, 0.0914, 0.1462, 0.1631,
        0.1612, 0.1530, 0.1216, 0.1431, 0.1480, 0.1457, 0.1410, 0.1167, 0.1227,
        0.1716, 0.1791, 0.1308, 0.1489, 0.1563, 0.1386, 0.1705, 0.1361, 0.1308,
        0.1420, 0.1530, 0.1841, 0.1571, 0.1079, 0.1307, 0.1310, 0.1576, 0.0902,
        0.1460, 0.1351, 0.1317, 0.1477, 0.1154, 0.1500, 0.1689, 0.1464, 0.1475,
        0.1752, 0.1692, 0.1716, 0.1495, 0.1668, 0.1499, 0.1658, 0.1415, 0.1262,
        0.1389, 0.1399, 0.1362, 0.1742, 0.1324, 0.1240, 0.1227, 0.1266, 0.1247,
        0.1532, 0.1132, 0.1486, 0.1492, 0.1413, 0.1421, 0.1579, 0.1419, 0.1454,
        0.1468, 0.1240, 0.1444, 0.1485, 0.1672, 0.1356, 0.1563, 0.1301, 0.1317,
        0.1202, 0.1202, 0.1661, 0.1077, 0.1392, 0.1289, 0.1452, 0.1365, 0.1534,
        0.1562, 0.1560, 0.1643, 0.1089, 0.1389, 0.1230, 0.1398, 0.1200, 0.1766,
        0.1570, 0.1321, 0.1754, 0.1383, 0.1275, 0.1407, 0.1600, 0.1534, 0.1635,
        0.1528, 0.1454, 0.1210, 0.1470, 0.1426, 0.1408, 0.1145, 0.1145, 0.1424,
        0.1434, 0.0988, 0.1411, 0.1698, 0.1503, 0.1213, 0.1393, 0.1249, 0.1469,
        0.1528, 0.1166, 0.1423, 0.1614, 0.1621, 0.1381, 0.1536, 0.1315, 0.1182,
        0.1368, 0.1499, 0.1631, 0.1248, 0.1128, 0.1648, 0.1517, 0.0857, 0.1241,
        0.1308, 0.1355, 0.1534, 0.0811, 0.1313, 0.1401, 0.1368, 0.1502, 0.1312,
        0.1552, 0.1323, 0.1399, 0.1346, 0.1723, 0.1421, 0.1415, 0.1298, 0.1411,
        0.1715, 0.1248, 0.1558, 0.1583, 0.1406, 0.1228, 0.1475, 0.1000, 0.1193,
        0.1439, 0.1382, 0.1894, 0.1486, 0.1458, 0.1487, 0.1241, 0.1423, 0.1420,
        0.1436, 0.1541, 0.1493, 0.1015, 0.1516, 0.1339, 0.1000, 0.1328, 0.1395,
        0.1241, 0.1457, 0.1606, 0.1284, 0.1380, 0.1352, 0.1456, 0.1484, 0.1475,
        0.1379, 0.1604, 0.1034, 0.1338, 0.1196, 0.1550, 0.1059, 0.1091, 0.1437,
        0.1626, 0.0804, 0.1354, 0.1460, 0.1488, 0.1419, 0.1354, 0.1543, 0.1649,
        0.1996, 0.1128, 0.1511, 0.1215, 0.1163, 0.1369, 0.1305, 0.1389, 0.1687,
        0.1373, 0.1224, 0.1341, 0.1651, 0.1578, 0.1255, 0.1347, 0.1751, 0.1338,
        0.1441, 0.1223, 0.1310, 0.1724, 0.1281, 0.1359, 0.1550, 0.1369, 0.1449,
        0.1577, 0.1135, 0.1433, 0.1501, 0.1261, 0.1157, 0.1282, 0.1298, 0.1195,
        0.1758, 0.1421, 0.1534, 0.1288, 0.1160, 0.1260, 0.1359, 0.1383, 0.1454,
        0.1376, 0.1417, 0.1314, 0.1399, 0.1110, 0.1569, 0.1384, 0.1550, 0.1331,
        0.1173, 0.1535, 0.1095, 0.1362, 0.1198, 0.1412, 0.1525, 0.1562, 0.1257,
        0.1448, 0.1265, 0.1321, 0.1266, 0.1619, 0.1755, 0.1774, 0.1404, 0.1249,
        0.1492, 0.1598, 0.1337, 0.1185, 0.1309, 0.1081, 0.1342, 0.1679, 0.1231,
        0.1104, 0.1551, 0.1434, 0.1522, 0.1376, 0.1322, 0.1118, 0.1595, 0.1083,
        0.1321, 0.1465, 0.1573, 0.1348, 0.1374, 0.1425, 0.1339, 0.1232, 0.1127,
        0.1321, 0.1348, 0.1532, 0.1181, 0.1501, 0.1455, 0.1260, 0.1265, 0.1610,
        0.1281, 0.1674, 0.1413, 0.1131, 0.1326, 0.1417, 0.1480, 0.1407, 0.1172,
        0.1411, 0.1555, 0.1220, 0.1230, 0.1158, 0.1612, 0.1672, 0.1228, 0.1473,
        0.1390, 0.1298, 0.1504, 0.1518, 0.1705, 0.1303, 0.1282, 0.1569, 0.1351,
        0.1392, 0.1613, 0.1178, 0.0745, 0.1444, 0.1370, 0.1390, 0.1351, 0.1395,
        0.1590, 0.1279, 0.1568, 0.1263, 0.1580, 0.1304, 0.1215, 0.1321, 0.1248,
        0.1673, 0.1159, 0.1347, 0.1400, 0.1699, 0.1195, 0.1484, 0.1477, 0.0904,
        0.1416, 0.1260, 0.1418, 0.1378, 0.1020, 0.1206, 0.1225, 0.1338, 0.1578,
        0.1119, 0.1407, 0.1290, 0.1743, 0.1540, 0.1363, 0.1694, 0.1526, 0.1103,
        0.1754, 0.1651, 0.1380, 0.0000, 0.1490, 0.1357, 0.1289, 0.1408, 0.1536,
        0.1357, 0.1451, 0.1070, 0.1543, 0.1205, 0.1559, 0.1419, 0.1510, 0.1407,
        0.1511, 0.1563, 0.1383, 0.1373, 0.1433, 0.1426, 0.1218, 0.1214, 0.1196,
        0.1256, 0.1296, 0.1610, 0.1196, 0.1266, 0.0971, 0.1315, 0.1365, 0.1412,
        0.1498, 0.1615, 0.1311, 0.1286, 0.1652, 0.1215, 0.1362, 0.1651, 0.1239,
        0.1913, 0.1291, 0.1497, 0.1557, 0.1413, 0.1194, 0.1144, 0.1320, 0.1452,
        0.1550, 0.1276, 0.1605, 0.1774, 0.1577, 0.1259, 0.1443, 0.1516, 0.1352,
        0.1083, 0.1058, 0.1375, 0.0998, 0.1336, 0.1394, 0.1365, 0.1103, 0.1123,
        0.1552, 0.1373, 0.1730, 0.1426, 0.1369, 0.1214, 0.1232, 0.1329, 0.1457,
        0.1170, 0.1166, 0.1492, 0.1655, 0.1497, 0.1502, 0.1409, 0.1095, 0.1314,
        0.1255, 0.1767, 0.1248, 0.1701, 0.1145, 0.1187, 0.1507, 0.1256, 0.1590,
        0.1547, 0.1298, 0.1333, 0.1492, 0.1216, 0.1541, 0.1339, 0.1305, 0.1272,
        0.1424, 0.1303, 0.1629, 0.1493, 0.1444, 0.1537, 0.1438, 0.1582, 0.1019,
        0.1547, 0.1691, 0.1361, 0.1166, 0.1225, 0.1398, 0.1424, 0.1165, 0.1482,
        0.1216, 0.1289, 0.1578, 0.1596, 0.1409, 0.1171, 0.1478, 0.1495, 0.1560,
        0.1344, 0.1283, 0.1615, 0.1332, 0.1375, 0.1364, 0.1379, 0.1204, 0.1421,
        0.1211, 0.1304, 0.1407, 0.1695, 0.1274, 0.1459, 0.1255, 0.1258, 0.1462,
        0.1428, 0.1149, 0.1543, 0.1249, 0.1457, 0.0945, 0.1596, 0.1408, 0.1340,
        0.1296, 0.1195, 0.1559, 0.1159, 0.1537, 0.1565, 0.1262, 0.1400, 0.1343,
        0.1491, 0.1462, 0.1618, 0.1777, 0.1207, 0.1425, 0.1380, 0.1460, 0.1503,
        0.1519, 0.1077, 0.1445, 0.1319, 0.1396, 0.1330, 0.1624, 0.1481, 0.0847,
        0.1275, 0.1569, 0.1416, 0.1297, 0.1321, 0.1544, 0.1317, 0.1235, 0.1219,
        0.1429, 0.1179, 0.1429, 0.1187, 0.1574, 0.1380, 0.1231, 0.1277, 0.1398,
        0.1459, 0.1311, 0.1189, 0.1341, 0.1241, 0.1184, 0.1574, 0.1481, 0.1417,
        0.1277, 0.1370, 0.1372, 0.1175, 0.1264, 0.1317, 0.1393, 0.1605, 0.1171,
        0.1187, 0.1809, 0.1596, 0.1318, 0.1514, 0.1457, 0.1362, 0.1061, 0.1719,
        0.1488, 0.1366, 0.1264, 0.1190, 0.1249, 0.1679, 0.1486, 0.1421, 0.1426,
        0.1375, 0.1486, 0.1517, 0.1031, 0.1301, 0.1219, 0.1666, 0.1095, 0.1426,
        0.1341, 0.1552, 0.1083, 0.1274, 0.1480, 0.1451, 0.1443, 0.0990, 0.1449,
        0.1199, 0.0907, 0.1439, 0.1364, 0.1356, 0.1887, 0.1572, 0.1554, 0.1363,
        0.1726, 0.1196, 0.1315, 0.1436, 0.1588, 0.1804, 0.1500, 0.1769, 0.1181,
        0.1494, 0.1477, 0.1456, 0.1573, 0.1520, 0.1305, 0.1385, 0.1359, 0.1575,
        0.1344, 0.1691, 0.1354, 0.1217, 0.1334, 0.1409, 0.1038, 0.1263, 0.1622,
        0.1927, 0.1254, 0.1387, 0.1521, 0.1552, 0.1387, 0.1541, 0.1172, 0.1564,
        0.1560, 0.1395, 0.1416, 0.1450, 0.1584, 0.0164, 0.1410, 0.1294, 0.1400,
        0.1140, 0.1365, 0.0756, 0.1512, 0.1362, 0.1418, 0.1541, 0.1439, 0.1191,
        0.1705, 0.1457, 0.1060, 0.1370, 0.1281, 0.1437, 0.1591, 0.1154, 0.1572,
        0.1658, 0.1594, 0.1388, 0.1540, 0.1686, 0.1222, 0.1316, 0.1675]), 'elec_energy_defects': tensor([-88.1798, -88.1621, -88.1651, -88.1610, -88.2469, -88.1130, -88.1891,
        -88.1758, -88.1728, -88.1922, -88.1717, -88.1658, -88.1741, -88.1962,
        -88.1746, -88.1766, -88.1757, -88.1547, -88.1577, -88.1009, -88.1628,
        -88.1838, -88.1043, -88.1700, -88.1708, -88.1858, -88.1793, -88.1556,
        -88.1350, -88.1246, -88.1039, -88.1398, -88.1618, -88.1665, -88.1613,
        -88.1250, -88.1870, -88.1843, -88.1758, -88.1541, -88.1404, -88.1883,
        -88.1994, -88.1838, -88.1772, -88.1358, -88.1879, -88.1712, -88.1290,
        -88.1915, -88.1736, -88.1058, -88.1353, -88.1615, -88.1216, -88.1425,
        -88.1812, -88.1183, -88.1721, -88.1826, -88.1610, -88.1734, -88.1639,
        -88.1578, -88.1421, -88.1845, -88.1616, -88.1586, -88.1864, -88.1099,
        -88.1707, -88.1367, -89.4300, -88.1589, -88.1829, -88.1647, -88.1758,
        -88.1607, -88.1630, -88.1400, -88.1604, -88.1034, -88.1443, -88.1749,
        -88.1744, -88.1062, -88.1276, -88.1335, -88.1454, -88.1334, -88.1635,
        -88.1752, -88.1030, -88.1551, -88.1828, -88.1773, -88.1105, -88.1820,
        -88.1486, -88.1770, -88.1528, -88.1699, -88.1949, -88.1386, -88.1457,
        -88.1192, -88.1178, -88.1487, -88.1644, -88.1434, -88.1587, -88.1887,
        -88.1440, -88.1279, -88.1615, -88.1862, -88.1767, -88.1480, -88.1706,
        -88.1941, -88.1388, -88.1581, -88.1976, -88.1861, -88.1028, -88.1688,
        -88.1810, -88.1796, -88.1842, -88.1312, -88.1653, -88.1569, -88.1595,
        -88.1965, -88.1606, -88.1713, -88.1920, -88.1355, -88.1319, -88.1419,
        -88.1582, -88.1682, -88.1776, -88.1724, -88.1471, -88.1913, -88.1414,
        -88.1996, -88.1834, -88.1740, -88.1582, -88.1799, -88.1584, -88.1473,
        -88.1684, -88.1324, -88.1799, -88.1096, -88.1674, -88.1777, -88.1763,
        -88.1399, -88.1719, -88.1491, -88.1344, -88.1748, -88.1443, -88.1761,
        -88.1824, -88.1785, -88.1638, -88.1741, -88.1146, -88.1706, -88.1348,
        -88.1150, -88.1486, -88.1914, -88.1609, -88.1621, -88.1689, -88.1675,
        -88.1775, -88.1633, -88.1799, -88.1932, -88.1522, -88.1393, -88.1543,
        -88.1350, -88.1311, -88.1593, -88.1737, -88.1379, -88.1495, -88.1495,
        -88.1449, -88.1629, -88.1632, -88.1929, -88.1512, -88.1980, -88.1576,
        -88.1713, -88.1633, -88.1965, -88.1462, -88.1621, -88.1515, -88.1711,
        -88.1397, -88.1443, -88.1588, -88.1117, -88.1894, -88.1833, -88.1762,
        -88.1545, -88.1518, -88.1427, -88.1305, -88.1856, -88.1554, -88.1717,
        -88.2072, -88.1362, -88.1584, -88.1263, -88.1328, -86.5279, -88.1854,
        -88.1709, -88.1428, -88.1890, -88.1807, -88.1331, -88.1381, -88.1731,
        -88.1750, -88.2014, -88.1708, -88.1330, -88.1423, -88.1652, -88.1366,
        -88.1504, -88.1818, -88.1598, -88.1082, -88.1946, -88.1795, -88.1554,
        -88.1770, -88.1127, -88.1482, -88.1122, -88.1290, -88.1563, -88.1831,
        -88.1435, -88.1671, -88.1636, -88.1629, -88.1579, -88.1697, -88.1787,
        -88.1262, -88.1870, -88.1913, -88.1602, -88.1424, -88.1846, -88.1771,
        -88.1437, -88.1369, -88.1647, -88.1804, -88.1342, -88.1349, -89.6468,
        -88.1231, -88.1746, -88.1794, -88.1818, -88.1696, -88.1604, -88.1683,
        -88.1674, -88.1525, -88.1788, -88.1833, -88.1597, -88.1402, -88.1769,
        -88.1633, -88.1598, -88.1788, -88.1755, -88.1521, -88.1321, -88.1607,
        -88.1937, -88.1763, -88.1644, -88.1790, -88.1645, -88.1377, -88.1778,
        -88.1652, -88.1425, -88.1744, -88.1758, -88.1749, -88.1565, -88.1693,
        -88.1465, -88.1528, -88.1394, -88.1596, -88.1794, -88.1684, -88.1485,
        -88.1749, -88.1800, -88.1666, -88.1781, -88.1765, -88.1551, -88.1821,
        -88.1517, -88.1959, -88.1816, -88.1830, -88.1835, -88.1619, -88.1774,
        -88.1715, -88.1715, -88.1820, -88.1650, -88.1542, -88.1797, -88.1928,
        -88.1733, -88.1354, -88.1797, -88.1584, -88.1181, -88.1454, -88.1730,
        -88.1878, -88.1048, -88.1319, -88.1591, -88.1993, -88.1908, -88.1713,
        -88.1771, -88.1708, -88.1610, -88.1769, -88.1303, -88.1854, -88.1719,
        -88.1845, -88.1533, -88.1802, -88.1646, -88.1031, -88.1800, -88.1524,
        -88.1622, -88.1238, -88.1825, -88.1540, -88.1746, -88.1813, -88.1896,
        -88.1364, -88.1580, -88.1489, -88.1489, -88.1649, -88.1821, -88.1735,
        -88.1897, -88.1253, -88.1537, -88.1629, -88.1757, -88.1679, -88.1713,
        -88.1606, -88.1664, -88.1854, -88.1688, -88.1758, -88.1628, -88.1820,
        -88.1983, -88.1577, -88.1382, -88.1865, -88.1564, -88.1469, -88.1498,
        -88.1752, -88.1151, -88.1678, -88.1611, -88.1300, -88.1606, -88.1711,
        -88.1427, -88.1787, -88.1520, -88.1873, -88.1395, -88.1711, -88.1489,
        -88.1355, -88.1677, -88.1700, -88.1580, -88.1905, -88.1569, -88.1679,
        -88.1553, -88.1956, -88.1413, -88.1752, -88.1861, -88.1366, -88.1379,
        -88.1170, -88.1945, -88.1330, -88.1774, -88.1651, -88.1833, -88.1694,
        -88.1801, -88.1671, -88.1694, -88.1750, -88.1679, -88.2006, -88.1651,
        -88.1922, -88.1446, -88.1928, -88.1773, -88.1715, -88.0982, -88.1757,
        -88.1673, -88.1779, -88.1856, -88.1936, -88.1631, -88.1484, -88.1717,
        -88.2636, -88.1724, -88.1415, -88.1471, -88.1697, -88.1198, -88.1746,
        -88.1750, -88.2103, -88.1327, -88.1755, -88.1768, -88.1646, -88.1709,
        -88.1253, -88.1436, -88.1225, -88.1589, -88.1685, -88.1357, -88.1585,
        -88.1919, -88.1725, -88.1782, -88.1943, -88.1733, -88.1452, -88.1704,
        -88.1604, -88.1907, -88.1718, -88.1395, -88.1434, -88.1497, -88.1629,
        -88.1676, -88.1807, -88.1246, -88.1420, -88.1280, -88.1619, -88.1739,
        -88.1333, -88.1912, -88.1690, -88.1672, -88.1631, -88.1860, -88.1848,
        -88.1889, -88.1633, -88.1446, -88.1767, -88.1651, -88.1414, -88.1835,
        -88.1729, -88.1820, -88.1365, -88.1673, -88.1986, -88.2025, -88.1803,
        -88.1757, -88.1763, -88.1868, -88.1664, -88.1898, -88.1733, -88.1502,
        -88.1664, -88.1267, -88.1712, -88.1445, -88.1418, -88.1729, -88.1191,
        -88.1850, -88.1786, -88.1813, -88.1677, -88.1269, -88.1894, -88.1597,
        -88.1708, -88.1703, -88.1734, -88.1879, -88.1640, -88.1883, -88.1518,
        -88.1822, -88.1896, -88.1757, -88.1489, -88.1787, -88.1723, -88.1595,
        -88.1464, -88.1525, -88.1763, -88.1642, -88.1710, -88.1748, -88.1770,
        -88.1903, -88.1773, -88.1614, -88.1786, -88.1614, -88.1590, -88.1577,
        -88.1380, -88.1190, -88.1788, -88.1449, -88.1524, -88.1675, -88.1703,
        -88.1623, -88.1889, -88.2010, -88.1827, -88.1624, -88.1988, -88.1372,
        -88.1430, -88.1842, -88.1651, -88.1727, -88.1673, -88.1710, -88.1715,
        -88.1782, -88.1594, -88.1729, -88.1320, -88.1804, -88.1453, -88.1830,
        -88.1497, -88.1892, -88.1354, -88.1955, -88.1349, -88.1266, -88.1645,
        -88.1496, -88.1965, -88.1620, -88.1655, -88.1876, -88.1352, -88.1499,
        -88.1800, -88.2103, -88.1643, -88.1868, -88.1772, -88.1897, -88.1406,
        -88.1728, -88.1652, -88.1720, -88.1595, -88.1924, -88.1799, -88.1801,
        -88.1833, -88.1685, -88.1337, -88.1621, -88.1670, -88.1776, -88.1820,
        -88.1290, -88.1777, -88.1667, -88.1888, -88.1701, -88.1796, -88.1418,
        -88.1579, -88.1038, -88.1385, -88.1759, -88.1833, -88.1728, -88.1659,
        -88.2039, -88.1731, -88.1736, -88.1812, -88.1931, -88.1457, -88.1737,
        -88.1636, -88.1620, -88.1972, -88.1484, -88.1726, -88.1885, -88.1469,
        -88.1448, -88.1414, -88.1340, -88.1846, -88.1688, -88.2009, -88.1801,
        -88.1581, -88.1632, -88.1534, -88.1740, -88.1865, -88.1337, -88.1875,
        -88.1786, -88.1722, -88.1291, -88.1664, -88.1642, -88.1572, -88.1639,
        -88.1400, -88.1750, -88.1705, -88.1788, -88.1920, -88.1783, -88.1638,
        -88.1748, -88.1832, -88.1280, -88.1634, -88.1626, -88.1689, -88.1560,
        -88.1842, -88.1697, -88.1782, -88.1614, -88.1587, -88.2125, -88.2025,
        -88.1895, -88.1659, -88.1969, -88.1631, -88.1734, -88.1644, -88.1242,
        -88.1826, -88.1701, -88.1365, -88.1731, -88.1345, -88.1723, -88.1799,
        -88.1563, -88.1631, -88.1596, -88.1437, -88.1336, -88.1409, -88.1546,
        -88.1895, -88.1578, -88.1927, -88.1421, -88.1750, -88.1566, -88.1285,
        -88.1661, -88.1618, -88.1331, -88.1743, -88.1189, -88.1807, -88.1622,
        -88.1607, -88.1642, -88.1764, -88.1035, -88.1317, -88.1653, -88.1459,
        -88.1959, -88.1614, -88.1633, -88.1790, -88.1976, -88.1759, -88.1246,
        -88.0953, -88.1719, -88.1198, -88.1360, -88.1291, -88.1678, -88.1699,
        -88.1810, -88.1330, -88.1346, -88.1161, -88.1297, -88.1849, -88.1361,
        -88.2591, -88.1687, -88.1639, -88.1677, -88.1945, -88.1765, -88.1723,
        -88.1785, -88.1694, -88.1531, -88.1242, -88.1836, -88.1948, -88.1102,
        -88.1784, -88.1705, -88.1723, -88.1772, -88.1836, -88.1636, -88.1942,
        -88.1636, -88.1361, -88.1519, -88.1805, -88.1594, -88.1636, -88.2114,
        -88.1666, -88.1446]), 'elec_energy_Si64': -88.2635544138, 'alpha': {14: Parameter containing:
tensor([2.8785], requires_grad=True)}, 'Z': {14: Parameter containing:
tensor([12.9313], requires_grad=True)}, 'repulsive_feed': PairwiseRepulsiveEnergyFeed(
  (repulsive_feeds): ModuleDict(
    ((14, 14)): DFTBGammaRepulsive()
  )
)}, tensor([0.1347, 0.1135, 0.1535, 0.1361, 0.1536, 0.1534, 0.1500, 0.1731, 0.1510,
        0.1269, 0.1287, 0.1600, 0.1378, 0.1574, 0.1415, 0.1308, 0.1639, 0.1560,
        0.1311, 0.1119, 0.1283, 0.1304, 0.1696, 0.1295, 0.1125, 0.1498, 0.1038,
        0.1384, 0.1329, 0.1376, 0.1838, 0.1340, 0.1368, 0.1441, 0.1353, 0.1558,
        0.1393, 0.1105, 0.1547, 0.1349, 0.0914, 0.1349, 0.1152, 0.1131, 0.1484,
        0.1703, 0.1571, 0.1105, 0.1275, 0.1560, 0.1091, 0.1451, 0.1466, 0.1654,
        0.1373, 0.1381, 0.1291, 0.1502, 0.1306, 0.1413, 0.1335, 0.1313, 0.1362,
        0.1400, 0.1445, 0.1445, 0.1179, 0.1364, 0.1234, 0.1191, 0.1419, 0.1540,
        0.1761, 0.1334, 0.1290, 0.1019, 0.1299, 0.1450, 0.1265, 0.1364, 0.1621,
        0.1410, 0.1617, 0.1490, 0.1409, 0.1173, 0.1357, 0.1424, 0.1181, 0.1449,
        0.1150, 0.1335, 0.1583, 0.1626, 0.1677, 0.1412, 0.1247, 0.1721, 0.1117,
        0.1590, 0.1687, 0.1322, 0.1377, 0.1372, 0.1441, 0.1722, 0.1527, 0.1115,
        0.1169, 0.1609, 0.1476, 0.1491, 0.0967, 0.1290, 0.1752, 0.1229, 0.1691,
        0.1181, 0.1535, 0.1338, 0.1372, 0.1224, 0.1695, 0.1566, 0.1605, 0.1777,
        0.1486, 0.1416, 0.1547, 0.1330, 0.1692, 0.1220, 0.1166, 0.1347, 0.1127,
        0.1519, 0.1163, 0.1457, 0.1279, 0.1585, 0.1490, 0.1423, 0.1543, 0.1412,
        0.1318, 0.1587, 0.1068, 0.1367, 0.1414, 0.1476, 0.1340, 0.1272, 0.1511,
        0.1660, 0.0941, 0.1344, 0.1788, 0.1318, 0.1413, 0.1413, 0.1144, 0.1360,
        0.1240, 0.1172, 0.1110, 0.1457, 0.1438, 0.1576, 0.1197, 0.1229, 0.1136,
        0.1414, 0.1445, 0.1414, 0.1484, 0.1128, 0.1650, 0.1429, 0.1785, 0.1125,
        0.1230, 0.1256, 0.1605, 0.1579, 0.1607, 0.1664, 0.1697, 0.1345, 0.1152,
        0.1265, 0.0639, 0.1267, 0.1532, 0.1434, 0.0999, 0.1232, 0.1400, 0.1082,
        0.1014, 0.1368]), tensor([0.1675, 0.1311, 0.1572, 0.1235, 0.1647, 0.1515, 0.1482, 0.1660, 0.1392,
        0.1496, 0.1341, 0.1516, 0.1264, 0.1497, 0.1295, 0.1374, 0.1501, 0.1475,
        0.1232, 0.1139, 0.1256, 0.1673, 0.1650, 0.1575, 0.1300, 0.1254, 0.1016,
        0.1225, 0.1591, 0.1460, 0.1770, 0.1345, 0.1219, 0.1454, 0.1443, 0.1408,
        0.1339, 0.1193, 0.1654, 0.1503, 0.0734, 0.1374, 0.1225, 0.1380, 0.1468,
        0.1692, 0.1599, 0.1132, 0.1345, 0.1636, 0.1212, 0.1411, 0.1312, 0.1845,
        0.1496, 0.1314, 0.1385, 0.2678, 0.1274, 0.1409, 0.1321, 0.1311, 0.1227,
        0.1337, 0.1537, 0.1355, 0.1104, 0.1363, 0.1119, 0.1116, 0.1357, 0.1523,
        0.1701, 0.1377, 0.1501, 0.1369, 0.1168, 0.1362, 0.1280, 0.1558, 0.1719,
        0.1423, 0.1554, 0.1463, 0.1238, 0.1153, 0.1163, 0.1297, 0.1324, 0.1781,
        0.1262, 0.1325, 0.1556, 0.1572, 0.1592, 0.1440, 0.1220, 0.1772, 0.1137,
        0.1473, 0.1765, 0.1416, 0.1341, 0.1410, 0.1642, 0.1881, 0.1453, 0.1212,
        0.1391, 0.1507, 0.1361, 0.1544, 0.1076, 0.1423, 0.1983, 0.1341, 0.1660,
        0.1309, 0.1386, 0.1693, 0.1264, 0.1328, 0.1663, 0.1722, 0.1514, 0.1804,
        0.1450, 0.1295, 0.1459, 0.1458, 0.1593, 0.1174, 0.1247, 0.1711, 0.1074,
        0.1454, 0.1073, 0.1563, 0.1179, 0.1605, 0.1477, 0.1316, 0.2561, 0.1339,
        0.1263, 0.1563, 0.1065, 0.1263, 0.1375, 0.1431, 0.1349, 0.1235, 0.1696,
        0.1925, 0.0969, 0.1264, 0.1789, 0.1364, 0.1654, 0.1294, 0.1166, 0.1425,
        0.1336, 0.1462, 0.1263, 0.1811, 0.1290, 0.1581, 0.1372, 0.1269, 0.1081,
        0.1504, 0.1645, 0.1469, 0.1412, 0.1095, 0.1828, 0.1506, 0.1782, 0.1120,
        0.1284, 0.1453, 0.1412, 0.1551, 0.1589, 0.1691, 0.1677, 0.1266, 0.1243,
        0.1228, 0.1037, 0.1282, 0.1624, 0.1202, 0.1133, 0.1149, 0.1322, 0.1225,
        0.0938, 0.1567], grad_fn=<SubBackward0>), [0.10087664888936487, 0.15554419254191032, 0.12853696437239392, 0.15558144018728726, 0.05440996432945333, 0.14638310483613814, 0.10602811959090097, 0.13567463463683715, 0.12368868846052194, 0.15074831969685398, 0.1345517946725554, 0.1298866211676959, 0.14295626192779842, 0.1335254911414001, 0.16006903507610915, 0.11746359249011995, 0.1368377503908338, 0.15900783034394905, 0.15757346157818652, 0.13454112524116546, 0.1440585942990147, 0.12770384542543134, 0.14664735195667689, 0.11453781008459885, 0.14427598125335983, 0.14125094590464649, 0.1338123266017579, 0.16770120020905033, 0.16508835520662224, 0.14197034957923726, 0.14433590874437208, 0.15610605443468017, 0.15715821883300407, 0.11330080209626914, 0.15432909707332243, 0.10342717842967453, 0.11032222450864282, 0.14511469785743536, 0.16067292092396102, 0.14058690141253116, 0.15330291260997697, 0.12729196928587072, 0.1198153860932738, 0.12028923151631687, 0.14296438279353296, 0.15777580299157634, 0.140178427892927, 0.1354574464963374, 0.1366136688120374, 0.12495926254689493, 0.13827840292359994, 0.1222495889542099, 0.14779428073569711, 0.16522963063492746, 0.1498713319787175, 0.17424831250317396, 0.14014356711618348, 0.15504162605177108, 0.14635857686697307, 0.12007127531493289, 0.1232583384355177, 0.12654252377345898, 0.12091810543487647, 0.16508261496213095, 0.1426098569148504, 0.16672912434867015, 0.124181793102073, 0.13365422292276286, 0.133595549318704, 0.09143872925686658, 0.146177435036428, 0.16313002155403034, 0.16115512470524962, 0.1530460351989813, 0.12162570596141542, 0.14313556923206328, 0.1479724701255094, 0.14574151234385013, 0.14103199048912707, 0.11669466726325517, 0.12268785662118731, 0.17161870907376908, 0.17914863574839401, 0.13081342516768935, 0.1488833124238873, 0.15634741848581868, 0.13858417678086177, 0.17045154391170314, 0.1361341831026639, 0.13075046107999455, 0.14201741186671413, 0.1530126407202843, 0.18411778864100192, 0.15706144463175065, 0.10787921650954502, 0.13070632183378983, 0.13100248868263087, 0.157605203072265, 0.09023509700507759, 0.14603308736459297, 0.13511064569316567, 0.13172202097985775, 0.14770576263769186, 0.11540051297279597, 0.15003099823899113, 0.1689084537392791, 0.14636121840842087, 0.14750213389546474, 0.1752417242863924, 0.1692180105720098, 0.17157528533691568, 0.1494810747317903, 0.16683622547761168, 0.14989194136740736, 0.16584848595263502, 0.14153891103923932, 0.12619292561170425, 0.1388937589706245, 0.13986056203792252, 0.13620296718088554, 0.17420934278445088, 0.1324107352935311, 0.12396054379371968, 0.12267980851911453, 0.12655227777917766, 0.12466409674965284, 0.1531823119841622, 0.1132098890447839, 0.14861138175457533, 0.14921945261550285, 0.14132028783761363, 0.14205633748624713, 0.15791308634075563, 0.14193718992872206, 0.14543416745296334, 0.14677741002116207, 0.12398816973094462, 0.1443795096129712, 0.1484601053650909, 0.167185478930703, 0.13557331050171229, 0.1563274404505215, 0.1300617563211457, 0.13165064423679063, 0.12016145558488667, 0.12017694248523192, 0.1660608411894664, 0.10773471632801268, 0.13919146892360423, 0.12889505824299263, 0.14516772786772414, 0.13649604267654958, 0.153411695020516, 0.15615963494984975, 0.1560032224747694, 0.1642702244716734, 0.10889572671320735, 0.13889286338958584, 0.12302772650175164, 0.13980533882794433, 0.12004305624360967, 0.176608585645468, 0.15702224706721601, 0.1320664437342387, 0.17536815849998355, 0.13825222013234928, 0.12751490943064603, 0.1407263926611293, 0.16002279891344706, 0.15336499949129845, 0.16346652887139967, 0.15282867580662796, 0.14542249329503854, 0.12098435821962639, 0.1470392985700517, 0.1426070169270517, 0.14077876779845688, 0.11451515633098275, 0.11454257242956523, 0.1423981797030578, 0.14335644700474504, 0.09881171757357698, 0.14106118011011048, 0.16981858751067946, 0.15031284167110215, 0.12133284067188832, 0.13928037031706353, 0.12488302239821714, 0.14689274630623927, 0.1527874463719403, 0.11664582704345605, 0.1423432560000748, 0.16142180049677357, 0.16211582288288184, 0.1380615583892837, 0.15364030668854944, 0.13148114459225724, 0.11824623587234306, 0.1368083101394557, 0.14992206846365974, 0.1631089156819634, 0.12484103262000623, 0.11276480474560202, 0.16481628121494651, 0.15165278157750528, 0.08568422051439484, 0.12411043951107992, 0.13078722951417632, 0.13551459684089195, 0.15344175486550604, 0.08106358057599117, 0.13129639655049452, 0.14008014660187662, 0.13684702114293223, 0.15019459300205718, 0.1311508820876064, 0.1551915294864905, 0.13231888770672562, 0.13992814698568523, 0.13457614550997832, 0.17231689148341545, 0.14206234489832603, 0.14147630011254897, 0.12976167860918686, 0.1410947594379124, 0.1715152053362079, 0.12475962845624444, 0.15575272621648573, 0.15829195386952932, 0.14055023063967909, 0.12283195733756358, 0.14745517781353534, 0.09997514312437872, 0.11929337480053626, 0.1438798746164487, 0.13822394703952057, 0.18938257147481785, 0.14858510966246463, 0.14576886560108626, 0.1487093547187932, 0.1241320742059262, 0.14231094636143915, 0.14198364879229075, 0.1436395042670462, 0.15407087316707546, 0.14927779768060034, 0.10154040195933334, 0.15163868233165445, 0.13391048625254598, 0.09999667198117024, 0.13277540913068897, 0.13950931897640118, 0.12409382220151421, 0.1457178314466141, 0.160624680085645, 0.12841947531188502, 0.13802635510883476, 0.1352432666555412, 0.145551069626757, 0.14836432192562654, 0.14747712781758615, 0.13786244540405512, 0.16041156818022273, 0.10340982466364323, 0.13376264702738716, 0.11964853938247799, 0.1550052247433431, 0.10586512457681074, 0.10909391104300425, 0.14366512258867203, 0.16262135173607284, 0.08039493837588374, 0.13542325823223145, 0.14600123011014077, 0.148805355714261, 0.14186289381931338, 0.1354017223930679, 0.15429419807727918, 0.16492243898872516, 0.1996231519384839, 0.11277445916064899, 0.15114403826089706, 0.12153304180461788, 0.11628812492065599, 0.13694224783013098, 0.13052480993754578, 0.13886578942721606, 0.16870608954130972, 0.13729486384641731, 0.12240898253449828, 0.1341304309598801, 0.16509141311791709, 0.15776968680149217, 0.12546336773125333, 0.13467900429689728, 0.17511934572825538, 0.13381312994199135, 0.14407963696224257, 0.12227118359229472, 0.13098889363751454, 0.1723992312849809, 0.12809690885077885, 0.1359197103697518, 0.1550063419228085, 0.13694565228755629, 0.14486678470917091, 0.15768697509676421, 0.11346594988579106, 0.14329850177230163, 0.15011786776229563, 0.12607713914740337, 0.11574494785445388, 0.12824906391661095, 0.12982397496165632, 0.11948406998548577, 0.1757766834686425, 0.14214431316421994, 0.1533642343703594, 0.12884580679825497, 0.11603420656527064, 0.12600121136798492, 0.13591411087517535, 0.1383423199212821, 0.14543032898601638, 0.13764259146755187, 0.14169109035962535, 0.13141973132605678, 0.13994622067098383, 0.11097210029868165, 0.15692622071471618, 0.13840595394916555, 0.1550335334830173, 0.13312056981150633, 0.1172796518310193, 0.1535382762314068, 0.10951366844270716, 0.1361733828721583, 0.11981105334790954, 0.14123388539822201, 0.15252785061340823, 0.15615022197786388, 0.12574530340416779, 0.1447857502436154, 0.12654202104269885, 0.1321391074386522, 0.12660625481955812, 0.16193410813036735, 0.17547759027108611, 0.1774152083294389, 0.1404019402246881, 0.1248709634748657, 0.14921038435218215, 0.15983350498024151, 0.1337350758466549, 0.1184736862617175, 0.13092715513979059, 0.10805796595906436, 0.1341571146444256, 0.16789951499895217, 0.12312336478138342, 0.11040723672108754, 0.15514573284575128, 0.14343751821962591, 0.15219190372323865, 0.13758934647371568, 0.13218652398961872, 0.11176152907618508, 0.1594922018760201, 0.10833881532194667, 0.1321249115420784, 0.1465332809508464, 0.15729307893172262, 0.1348125267202036, 0.13744282324186763, 0.14252229062435262, 0.1338530466908079, 0.12318798773359063, 0.11272890139052016, 0.13208999600883864, 0.13484047641897767, 0.15322181677304947, 0.11810261069222783, 0.1500847676456889, 0.14547406950204866, 0.12598608020110014, 0.12652029190208935, 0.16101919290435163, 0.12807877599906625, 0.16741119475195987, 0.1413183603355428, 0.11310366585720821, 0.13257668164587422, 0.14167210933350383, 0.14803262472734602, 0.14065500709822487, 0.11724487006532058, 0.14114949167691115, 0.1555023144816463, 0.12199719532829967, 0.12304012756131577, 0.11582439254423171, 0.16115563726645377, 0.1671934252371461, 0.12280784647322918, 0.14727780425872972, 0.13903304185055276, 0.12981765775277054, 0.1504067387677388, 0.1517678268079301, 0.1704950462921122, 0.13028171278826228, 0.1281900845581756, 0.15686157902035447, 0.13511727931373585, 0.1392182077321351, 0.1613392703337091, 0.11775112655513631, 0.07445743049200537, 0.14437029104491117, 0.137045821758905, 0.13898976988840772, 0.13507365235311752, 0.13950041792250545, 0.15896065817599236, 0.12787209008053146, 0.15679969021789297, 0.12633715458322214, 0.15797251073351326, 0.13035114402209125, 0.12146447895732848, 0.1321194634547158, 0.12480072302090939, 0.16731307258548256, 0.11591506341766511, 0.13474549374729428, 0.1399996714610392, 0.16988342213899443, 0.11952968949448284, 0.1483635281402158, 0.14769013572242073, 0.09041963594318325, 0.1416292493312863, 0.12601413463544908, 0.14183903358537364, 0.13783605791906695, 0.10197264530953909, 0.12059822939182041, 0.1225078411574394, 0.1337541167741758, 0.15776276102378972, 0.11186360400000872, 0.1406598036200606, 0.12903322504593717, 0.17425005515614345, 0.15397230596627764, 0.1363169176489354, 0.16937054305340382, 0.15261971032749244, 0.11031534099266338, 0.1754303523218379, 0.16505785877965806, 0.13797165410675838, 0.0, 0.14898310484716326, 0.1356532274203115, 0.12894506157891428, 0.14079822583080848, 0.15360654802404383, 0.13572104094887116, 0.145060361776153, 0.1070289675999394, 0.15431606870278713, 0.12046235537923522, 0.15590541231005695, 0.1418746175888259, 0.15096645890987226, 0.14070673581493054, 0.1511450150579421, 0.15632606014589356, 0.13833248175961188, 0.1372537435572223, 0.14326263920896842, 0.14258572988081397, 0.12177644103334728, 0.12140612102996862, 0.11962512602032405, 0.1256143357939017, 0.12961116513567994, 0.16104581301256538, 0.11960111327668699, 0.1265882693326379, 0.0970592198276421, 0.1314628959801727, 0.13648570141662653, 0.1411549331493962, 0.1497620589646953, 0.16145508399251085, 0.13110277832427109, 0.12862910044139753, 0.16518415738824288, 0.1215336672781202, 0.13617136386426765, 0.1651409728894908, 0.12392457061492124, 0.19128100483090194, 0.1290809484537636, 0.14969676827726275, 0.15565657344630957, 0.1413095691621269, 0.11938651780103271, 0.11442723393953003, 0.13204768577651826, 0.14516359356871433, 0.15495839985650228, 0.12757098853239235, 0.16053772824385248, 0.17739988459609712, 0.15768323364803472, 0.1259311579680933, 0.14426965595962216, 0.15157777253119775, 0.1351867461944103, 0.1082752996268912, 0.10577105181840452, 0.13753916233111774, 0.09983801375486756, 0.13362686305064742, 0.1393892688554672, 0.13651549850394318, 0.11031076864170686, 0.11229250132421598, 0.1552297267344116, 0.1372841414959982, 0.17302556950014747, 0.14261895090270116, 0.13685871882042555, 0.12141554686421863, 0.12324050178336243, 0.13286023833149585, 0.14567577662209708, 0.11698943065539424, 0.11655992880479715, 0.1491995469763765, 0.16546189334835226, 0.1496953332161386, 0.15021705823163956, 0.14087046875545717, 0.10945722625763565, 0.13143241719288312, 0.1255336570618084, 0.17668123832508442, 0.12480541149973412, 0.17009762439687748, 0.11450175495480508, 0.11869229219116129, 0.15073556694625445, 0.12562162465492932, 0.15896579205662853, 0.15471718537511414, 0.12984908540761708, 0.13332178963551122, 0.14924435359031385, 0.12162129751244422, 0.15414821616298013, 0.13393700346265014, 0.13051205534948096, 0.1272392700195013, 0.14240249848367803, 0.1303313607582144, 0.16285917425480534, 0.14928833077199855, 0.14437896278302276, 0.1536569710372504, 0.14375696686803963, 0.15818712274636404, 0.10193279470950856, 0.1547246260108519, 0.16914861314755925, 0.13607566568323648, 0.11659810841304363, 0.12253778524205572, 0.13978451114826562, 0.14238856644725217, 0.11647172858845067, 0.1482499396530148, 0.12155417523867484, 0.12887317181527536, 0.1577764663168839, 0.1596043314150375, 0.14089766141814764, 0.117107904965291, 0.1478451326135204, 0.14950696463092505, 0.15598786162460776, 0.13442684402919802, 0.1283409780196969, 0.1615096978986852, 0.13323495392158335, 0.13747381284476745, 0.1364420417491079, 0.13787944049667722, 0.12042179735470704, 0.14214346131487687, 0.12109290359702207, 0.13040485940728175, 0.14073734947223926, 0.16945892591389544, 0.1273962532115931, 0.14593145784258077, 0.12552048867634902, 0.12577322701092264, 0.1461874800967955, 0.14277187072197606, 0.11493920200936536, 0.15429535825345475, 0.12485275197959744, 0.14567022967905174, 0.09445065906146688, 0.15957720012372079, 0.14083479618613381, 0.13396141015904384, 0.12963374098072755, 0.11946785655099568, 0.1559425923366753, 0.11592183080577811, 0.15366416912744718, 0.1564767044469928, 0.12616167729356143, 0.14004080167254962, 0.13425999768589492, 0.14914315660785427, 0.14618286732158126, 0.16177885656644975, 0.17773093978367704, 0.12067065202066374, 0.14253425069202308, 0.13800187675125386, 0.14603559477100525, 0.1502914789212575, 0.15188631471507819, 0.1076669395487766, 0.14449598586209333, 0.13192858231818327, 0.1396477220775001, 0.13296669744973677, 0.16243104352150795, 0.1481360505563405, 0.08467854915651074, 0.12749454479245692, 0.15692228559704624, 0.14157231250030478, 0.1296829042270886, 0.13211698287530993, 0.15443400867750867, 0.13168797089321238, 0.12354273080078038, 0.12191004614263612, 0.1428638123870538, 0.11792974223711461, 0.1429250687336392, 0.1187346336604076, 0.15735533191999096, 0.1379550459845209, 0.12307365397008674, 0.12768957529522318, 0.13981843261227667, 0.14585118776297357, 0.1310739477441878, 0.11894658024475113, 0.13410928062113214, 0.12414382186249995, 0.11837073192655723, 0.15742220503333826, 0.14814797571215088, 0.14172766806481363, 0.12772488220876888, 0.1369611435978193, 0.1371865613820571, 0.1174792164654459, 0.12644235136216686, 0.13170590088865275, 0.13934643531276336, 0.16048904861860436, 0.11711362389517532, 0.1186543286689421, 0.18094555828278303, 0.15960500503015673, 0.1318425341422813, 0.15142136005611917, 0.1457446896904493, 0.13615294142787882, 0.10610636992763034, 0.17191103598569235, 0.1488411106020724, 0.13656922601641064, 0.12643426210085096, 0.1190369189042908, 0.12488936643411108, 0.1678576420835931, 0.148622767430302, 0.14214088004232295, 0.1425790444436945, 0.13749650371519984, 0.14864809763722242, 0.15170961330541743, 0.10312577222963348, 0.13014915540221672, 0.12193351499626992, 0.16658165555670124, 0.10948087555045127, 0.14259776565209314, 0.13409786995586437, 0.15515538101341342, 0.10826223413953784, 0.1273516751784527, 0.14802384898864673, 0.14508719613292698, 0.14428603256111394, 0.09899970690576154, 0.14489641715951507, 0.11986534937242865, 0.09066815472031564, 0.14390044946077651, 0.13635895630374684, 0.13559866312572133, 0.18869133064508326, 0.15721531001114641, 0.15542476495453528, 0.1362550531010278, 0.17262001718435194, 0.11956587471688529, 0.13153650303974906, 0.14363836209804148, 0.15875283670332863, 0.18041854687695036, 0.1500025645516132, 0.17688583504451927, 0.11810096101504897, 0.14940586135923972, 0.1476837729443723, 0.14563384711277827, 0.1572699783063225, 0.15197299093693672, 0.1305419615822938, 0.1384809732852812, 0.1358852082664157, 0.15748795398484816, 0.13441942176812027, 0.16912805043051016, 0.13539229582383072, 0.1216817586036445, 0.13338311396834612, 0.14088821059435652, 0.103776016247906, 0.12632352095131338, 0.16217617519608396, 0.19268562722341365, 0.12544821818970675, 0.1386609450173335, 0.1521059080988696, 0.1551758830940777, 0.1387461251741886, 0.15413001018011308, 0.11718301066231973, 0.15642630348338216, 0.15597035057146869, 0.13953820247551008, 0.1415617327372658, 0.14496051937379306, 0.15841731757529587, 0.016391826369584805, 0.14104680818427262, 0.1293726149803227, 0.140001043680817, 0.11401986877955395, 0.1365239541560257, 0.07560739403024641, 0.15120346706357424, 0.13618278004193485, 0.1417517142503364, 0.1541256943394398, 0.14394652098646432, 0.11911905842203652, 0.17050386686498875, 0.14567482591707126, 0.1060229790953855, 0.13698123886346103, 0.12805195229959843, 0.14371376803705083, 0.15913358285757262, 0.11544685717847258, 0.15720118099834401, 0.1657616469312675, 0.1594223950640945, 0.13877832382986632, 0.15402841814241341, 0.1685907363515433, 0.12219237025591134, 0.13157436145889534, 0.16748716993800983], [0.11021791926881974, 0.15375098814180888, 0.13404237032675326, 0.1536335381263001, 0.04119861493177268, 0.177848587701817, 0.1066169581603873, 0.13203288437524918, 0.1272189143149376, 0.13187309029585492, 0.13394318408025185, 0.13535389455236668, 0.1369459822136605, 0.11799199094407697, 0.14613305013928368, 0.12141097607677409, 0.13252726188713382, 0.15995657898079685, 0.15654057107434483, 0.17767089252305368, 0.14553303559091546, 0.12352372324225769, 0.18211251175380028, 0.12360935475514623, 0.13991429529110633, 0.12940809038879308, 0.1298584775231859, 0.1627406527777424, 0.17444689573449068, 0.1674961805654931, 0.1825120640999529, 0.1679073884043305, 0.1539580983317279, 0.12706177148909603, 0.15191196101909554, 0.14444956045412027, 0.10953725696346339, 0.1344329551467922, 0.1465363582245658, 0.14945620045531882, 0.16529242050239645, 0.11847671185083186, 0.10870841147547594, 0.11838121561518733, 0.13593814312697816, 0.1692530695372625, 0.1281725211916438, 0.13488109758617384, 0.16237287797514455, 0.11631335023356826, 0.13561521206084137, 0.16876606360216329, 0.1639096357042149, 0.15909429882013626, 0.17344602487915495, 0.1763150308995307, 0.13383346966189436, 0.1793993022118343, 0.14020959825192847, 0.11981185190215626, 0.13457688296189474, 0.12813156804496373, 0.13039666644307601, 0.16116556363749623, 0.15729964019514853, 0.1464531128280271, 0.13440861210584387, 0.140998597586389, 0.12395067465180887, 0.14795597089677415, 0.14237638490365612, 0.1729176943277082, 0.31248222750474497, 0.1525228772251097, 0.11855022832736495, 0.1438339815655496, 0.13827588662923063, 0.1475862915256556, 0.14241994880666198, 0.14265080603303204, 0.13469810695585238, 0.19688731115789437, 0.17909221339161263, 0.12916063747367446, 0.14097544999845013, 0.18621426530037866, 0.16322637554563357, 0.18017625786272617, 0.15170678982678965, 0.15481976674909959, 0.14395889110369353, 0.14234366802168097, 0.20496617888794333, 0.15892630938628827, 0.11190207648161277, 0.12763448152176693, 0.16965877384942019, 0.14188940962038998, 0.12299845198226933, 0.13873822229953703, 0.14761066743318452, 0.1335908348916348, 0.12788830396286244, 0.14353506995244913, 0.15880471876090496, 0.18720335984720293, 0.1760770732412169, 0.15633322928680116, 0.16247990867246642, 0.17205521764300613, 0.16494894504926094, 0.13351088968896363, 0.17013189523383687, 0.16958594491346446, 0.16026865909924481, 0.1298433636219869, 0.12585050595909308, 0.15203502437432803, 0.1377523907556082, 0.12296257588155868, 0.1775596503359509, 0.14190762885978359, 0.1124359718457697, 0.1184244465435711, 0.17264881514567776, 0.13056291780760887, 0.13890398430262962, 0.11705349203268156, 0.13479586484645267, 0.16828117504906004, 0.14187863967677572, 0.14713523890807778, 0.15558201138850336, 0.12381097504201932, 0.14804756317528245, 0.14171326729596956, 0.11535479808402727, 0.16234044056869834, 0.16627235694259923, 0.171636707830487, 0.14413364396449424, 0.14878913748852085, 0.12777096782528474, 0.13215183330278535, 0.14069552429658927, 0.114147645068428, 0.17044315472510618, 0.10138201718019957, 0.13135404235467263, 0.12910297400161141, 0.1487637854098125, 0.12935839212912015, 0.15383283006029558, 0.16331857044795584, 0.14741254049333463, 0.17594992655510566, 0.11434008857095534, 0.17521024762721993, 0.13036903840720981, 0.13399977949123354, 0.12344469090973575, 0.18104372125070256, 0.14745540675170332, 0.14558429483416546, 0.18128177078551744, 0.136006699590709, 0.147605576390049, 0.13525584139617308, 0.14272666009577506, 0.14126374317949342, 0.15738002413908703, 0.1430717453698378, 0.17601829256840062, 0.12685120656486504, 0.1656077981309778, 0.17472776954946312, 0.15196900239645572, 0.11039722158314191, 0.12903288245355782, 0.143416891501019, 0.14096544075900397, 0.11713439365210832, 0.1347425608127537, 0.16086225818459354, 0.13883181419282664, 0.11309359257636231, 0.1491656166671902, 0.14858352377100914, 0.15337620895364523, 0.16905600425573653, 0.15030696390854814, 0.14757736133721266, 0.14867146274316667, 0.17160522434546976, 0.1486723436620423, 0.15900680302782177, 0.14894262358727417, 0.12876044291597566, 0.14120706650085424, 0.1300123703756384, 0.1641473675775984, 0.11257188151883213, 0.1300369412860789, 0.15213660010559238, 0.15001677790262136, 0.09040432827497114, 0.1434953786990718, 0.1388352254083145, 0.14700502892324607, 0.14548543550262139, 0.12273689557541445, 0.14934806361944197, 0.14536816369201233, 0.1725606888537925, 0.1321024905635113, 0.1252292771670085, 0.1426583090360083, 0.14357632559563172, 0.14970258111121382, 0.15220272702123339, 0.18229105214511776, 0.13051379572050337, 0.14725682118431394, 0.13080605106891596, 0.11630293486091148, 0.1774961438384821, 0.13589273587736272, 0.17573253102951014, 0.172979097898164, 0.27089626689256363, 0.11766561980246593, 0.14228430222512145, 0.131559659310426, 0.11350352113232987, 0.1336573371504528, 0.1607436522586454, 0.18789663814260393, 0.1423920053751715, 0.1383939158168488, 0.1254631257401968, 0.1291370082088008, 0.16344691427345026, 0.15725562775854485, 0.14363461235748787, 0.16734182517514284, 0.15722071201247445, 0.10850406824079073, 0.15012322201324935, 0.17279984777678692, 0.0996962834588544, 0.12950164828980348, 0.14674962027980598, 0.12529796648790636, 0.17696594687672018, 0.1622974977262288, 0.16855306256962876, 0.16163041377124898, 0.14552992709239732, 0.13374530151129704, 0.15962265445736534, 0.14390736811606075, 0.14071111880770104, 0.1561032553561006, 0.12664842348175398, 0.13599497025288088, 0.1212469725967793, 0.17426610466051784, 0.10771652099303708, 0.10725120271833077, 0.14599661605697634, 0.16845763864418473, 0.0952357306834557, 0.1303278469885072, 0.15798021919584926, 0.16446321146426612, 0.14255707663791384, 0.1288579747282057, 0.16852734073960107, 0.17485722179380048, 0.15978823027320743, 0.15240279213432473, 0.14213939735259373, 0.12236210627247601, 0.11740073687333563, 0.13706867749867513, 0.13798239556949454, 0.13826873676418927, 0.15749746735538395, 0.14767703638104024, 0.1227690377545656, 0.12708742946023222, 0.15937614106010756, 0.16861227714389315, 0.1251158710408049, 0.14006701101514807, 0.1660396328559699, 0.1287329600200593, 0.13734237920843384, 0.13931327565316565, 0.15650267675971463, 0.16273006285551617, 0.11682246543263375, 0.13205187584878786, 0.15053436659512442, 0.13003093412379485, 0.14449585414652688, 0.166737440658423, 0.11863821332968882, 0.14338473440982114, 0.1606683324468463, 0.1277968748230336, 0.1203235437117911, 0.12915882869324946, 0.13939811145421288, 0.12706682712759232, 0.17579992021164514, 0.15017879929445144, 0.16567480027683246, 0.1380748294406544, 0.11914091111638925, 0.1314444694534842, 0.14903709138776833, 0.13493220151424623, 0.1368562614764528, 0.13920172981002565, 0.13442385578879623, 0.1301168837633071, 0.14877718681458418, 0.1140356776554512, 0.15873323244285586, 0.12301924048870205, 0.1389956616630741, 0.12643291985644112, 0.11751168341146467, 0.15102369011415817, 0.11668931003519845, 0.1356382687091724, 0.12493260325280175, 0.1306781719995911, 0.14979813740725945, 0.15832783795151784, 0.12409177731260002, 0.12747196552460593, 0.12888756074490004, 0.15558400430789732, 0.12475713474050565, 0.15962035982965972, 0.19162040271856995, 0.17322664970973278, 0.13792193078357684, 0.11861933453562301, 0.18372277431340933, 0.17431367198581427, 0.1422599096123065, 0.10759409236148088, 0.120672966463232, 0.11919523921578445, 0.13018616880206935, 0.15467141914754734, 0.1344164696368182, 0.11677896928814846, 0.17118788117088002, 0.13292847928777007, 0.14474102945570166, 0.1274814096802146, 0.14450348824640002, 0.11441717699455012, 0.15248969048985828, 0.16167325777432495, 0.12782660030691773, 0.1515310299827206, 0.15385617236668736, 0.16383060239435565, 0.12969948258464115, 0.14825450797852113, 0.13156035498573715, 0.12054142468642226, 0.10982524938683014, 0.15369201072471128, 0.14316794484017237, 0.1572621550100024, 0.13775127595981473, 0.146814241482204, 0.13334938999135204, 0.12721743750320513, 0.11903389462710834, 0.1794049629653074, 0.14148253528496468, 0.16034874135067412, 0.134647501110436, 0.12339030168644172, 0.1339044057384342, 0.14567299510729015, 0.1460265814069004, 0.13004749240977276, 0.12617892051866875, 0.13536961834492445, 0.15070947117442302, 0.12083821728489852, 0.11058749215975183, 0.13249877323863757, 0.17115227881056683, 0.1455440458835966, 0.13595946531647485, 0.1581604042635263, 0.15011675420325332, 0.12910043807796967, 0.17805670559940268, 0.14718663162473433, 0.16177270066054916, 0.15679830648561222, 0.13576008569295084, 0.1477293884542945, 0.15188636094009667, 0.13240871103828056, 0.16311655507982437, 0.11456976658776341, 0.1192258652874898, 0.1401617250233187, 0.1501832455152794, 0.16026219555422472, 0.13803002643592777, 0.13910661625473608, 0.1573249543781401, 0.11826767819580652, 0.1561435953618826, 0.13188197293210635, 0.15803384546103416, 0.1164132040963608, 0.14499324583769635, 0.12992213588478307, 0.1197970582181398, 0.1754058706820274, 0.14363190420424132, 0.16839061074001904, 0.12399170462616382, 0.17929588629938564, 0.12179841472485009, 0.14659692037311345, 0.13512900072802836, 0.11137122612541361, 0.13331699910634143, 0.13153741071253933, 0.14007598743154404, 0.13388916064826617, 0.118373738354137, 0.10797915439671613, 0.1307190572249226, 0.12038538505996144, 0.16606349392085917, 0.10720838908264341, 0.13458501059177763, 0.1299419381698499, 0.20242306959353584, 0.14211155605133285, 0.13689490051757502, 0.15077594776067826, 0.13707026164023262, 0.10677227500052311, 0.16417162494101945, 0.16651878237654216, 0.13593120504397405, 0.0, 0.14212760271203706, 0.1534331512607423, 0.14692371199461718, 0.13852950850586865, 0.17756587016695846, 0.1348195416253759, 0.13897616212619823, 0.09462627275259194, 0.17227615403398033, 0.12272156714129778, 0.14425786869846036, 0.142705981519768, 0.1440182115343731, 0.16675105671941992, 0.1619382218823091, 0.17752261366277367, 0.1426739356119242, 0.1393160270914251, 0.16123280382356597, 0.1453574053983715, 0.11358152513045638, 0.1260434260786667, 0.12070158829276068, 0.11495869199698916, 0.1301457855877004, 0.1664189877883473, 0.12601385253428532, 0.13672482831844945, 0.10097127661934735, 0.13179972842542043, 0.15488701977849928, 0.15560072159887284, 0.1554994633265352, 0.15630882711843697, 0.13401810439447104, 0.1252639671150888, 0.18172295955274365, 0.1444813034711956, 0.1628567051943577, 0.15948888326752808, 0.12694097952410743, 0.19095703448896018, 0.11933124412126972, 0.14472120914486197, 0.14984768924756509, 0.14320163145023912, 0.1170395607550887, 0.11419977919095459, 0.121138920358419, 0.14498322005952957, 0.16299805899939201, 0.12676894360964752, 0.15398631471694557, 0.1792241137894024, 0.14029364838984293, 0.12845918917248866, 0.13355696202742706, 0.16644064855077545, 0.1380304798432661, 0.1021209854393419, 0.0989092676758645, 0.13063776152412743, 0.1115253952425661, 0.13023615313780113, 0.12812825420600404, 0.13868564340029366, 0.10949382038732836, 0.12087646244476957, 0.1590907370707697, 0.14046129719922362, 0.1851048085240592, 0.13968526585297525, 0.15318786842573218, 0.1449033240425166, 0.1279804111180738, 0.16518573240124113, 0.1320112656358532, 0.11944746078252422, 0.11800677910557056, 0.14550094596943097, 0.18264767345959854, 0.1322094326658032, 0.15283591821814468, 0.1383286742685499, 0.1211731561565017, 0.13158252518188363, 0.11901969629488462, 0.16448073576763989, 0.11743854890117689, 0.16783734268453543, 0.11635848215527744, 0.11481090118181214, 0.14153438210672675, 0.14265966435846167, 0.14314828839866323, 0.14442674119051446, 0.1385557741845247, 0.14895742490212172, 0.15551844979269447, 0.12404630263569061, 0.15032687709056347, 0.1341926992489988, 0.13010708933789772, 0.12565533137230034, 0.12724674104404698, 0.1278458384448129, 0.15634690833211096, 0.14106957988151692, 0.14545439715134023, 0.15421912524955417, 0.14693269278929222, 0.16888174953180624, 0.14845598890258316, 0.14334543261848864, 0.1710314572982412, 0.1461479073485492, 0.12660250895415004, 0.12786994044343203, 0.142304899145131, 0.12808072522238945, 0.1058358639450887, 0.13527664914577997, 0.131066884637292, 0.115425144785263, 0.1695825468344765, 0.16537144315739738, 0.1302016420815164, 0.12843794612489035, 0.14161459133572407, 0.14600893581206265, 0.14715507222933866, 0.13344416945440685, 0.12629638699570478, 0.15855970877547065, 0.1336194135172093, 0.1607815017132168, 0.13023607616865718, 0.15328127345908626, 0.11882265628445055, 0.15230835167228918, 0.11546410303694188, 0.15438439769518197, 0.12352598356706324, 0.17800033460574127, 0.15830836108997914, 0.14547842087772267, 0.14281890288951615, 0.11495964190865493, 0.1467401174703582, 0.14161890260211862, 0.11279910567766649, 0.170414576028449, 0.14160740635574598, 0.13520242362382362, 0.08692584743491238, 0.15359386021343369, 0.1282614592543183, 0.13067440528504903, 0.11996359263336842, 0.1459021965817584, 0.14603812797102478, 0.1266150630764571, 0.14476853893873454, 0.153049693043684, 0.11621969918580533, 0.13159456235521816, 0.12904742822996695, 0.13635853485564553, 0.1420964135642464, 0.1736944919826442, 0.16527680062742434, 0.1283298950727243, 0.13462172341637313, 0.12933950129509242, 0.16682193934730094, 0.13983734449838892, 0.1479248732838414, 0.10808279601877757, 0.13974430559736106, 0.12676614116436724, 0.1566388475282423, 0.1429908073040309, 0.19328604716086772, 0.1631182290855122, 0.10332097892610648, 0.12253040664462844, 0.14602559767659784, 0.14241835939709802, 0.11159021120042212, 0.13317887987825827, 0.14175270960723196, 0.1258493036704067, 0.11452262249554224, 0.142529146184188, 0.13827666369961378, 0.1290816451921728, 0.1458621745758819, 0.10915991936019509, 0.16004947681645376, 0.13611196935757164, 0.11631372620577451, 0.14456538268667884, 0.15455588415377974, 0.15930721980366513, 0.1565539095312829, 0.11686543359526524, 0.13540738166632593, 0.10947377008534431, 0.12042523144289419, 0.15552694326679273, 0.14707844427307748, 0.1487935038853152, 0.12918203632069947, 0.1267929529330445, 0.1594536823438233, 0.11387568778683033, 0.12531534669491862, 0.1330493400250532, 0.16380932531606618, 0.15294050044006724, 0.12918217194685155, 0.1335935791972247, 0.1672348698908337, 0.16815976381997189, 0.130212338129013, 0.14635459527806916, 0.13665147820410084, 0.12328737476697427, 0.11379738285599217, 0.16248317255578115, 0.14045234152877129, 0.1256273439237532, 0.15750743358398722, 0.1305620688472402, 0.13585779984533985, 0.1559976904369904, 0.15180572963529926, 0.1310000696267366, 0.1397910064001593, 0.13312831878437237, 0.14849674472240793, 0.15270336867851597, 0.09086093433509745, 0.11196963740887611, 0.11590922741537213, 0.15517913406041828, 0.1039171335805662, 0.1431500023882819, 0.13340455038442656, 0.1518884167291077, 0.14831821978832238, 0.12304945158581404, 0.1432587579787139, 0.16180695900972353, 0.1391686021941183, 0.1366362592360275, 0.1398898988588968, 0.11986075709825172, 0.11834335337090351, 0.14467582635717235, 0.1427170358338259, 0.15261920423786535, 0.19084288814781303, 0.16621448802916916, 0.15700608065193933, 0.1256272088597825, 0.16553437291059936, 0.11128557209522683, 0.15013173600154062, 0.1382209059023296, 0.15731190616970991, 0.18767859078465676, 0.1475857927534321, 0.16556601456839815, 0.14856623166532756, 0.14219929446979052, 0.1740311159493757, 0.13649337653015436, 0.1537107409795624, 0.15244918803882967, 0.13707639116002213, 0.13477433316677434, 0.17811241185363258, 0.17203591690905284, 0.13754794107698842, 0.16960877300776644, 0.12006099307639317, 0.13404096716723757, 0.1386992600667014, 0.1328097071950083, 0.10079525316258753, 0.12662978839119887, 0.17961035582648321, 0.2145718019376659, 0.12700395733044445, 0.168528024605493, 0.16720235643919068, 0.17301766600088797, 0.13896399165244588, 0.14692595326685876, 0.11845588590125544, 0.17275469574923363, 0.16927208905104862, 0.1713813589406783, 0.1643758565939777, 0.13178729010536472, 0.17083214334293473, 0.011814975732534094, 0.13929441050203195, 0.1364568865043907, 0.13954010490283508, 0.10796861018951631, 0.1319810142468043, 0.09996213520516051, 0.13960072247482458, 0.13702961504529299, 0.148391283339123, 0.17510739055255442, 0.13388527396821814, 0.11142868067356915, 0.19205901350687782, 0.13762674170905598, 0.11879660253279667, 0.13429403660049388, 0.12636276496732535, 0.13246606237224512, 0.1540504850809583, 0.1085337262459376, 0.15311135586263447, 0.1755481647617927, 0.15994714217556805, 0.13010679429172, 0.1532125734323273, 0.15926146898519278, 0.10271312710524683, 0.13585904799484183, 0.17013547382906324], {14: Parameter containing:
tensor([2.8785], requires_grad=True)}, {14: Parameter containing:
tensor([12.9313], requires_grad=True)}, 0.0002898767382777738, 0.011074593871411702]