[[990, 797, 452, 120, 8, 93, 933, 966, 962, 827, 597, 36, 688, 710, 86, 101, 785, 364, 243, 18, 32, 808, 17, 355, 664, 639, 496, 631, 475, 153, 94, 188, 731, 118, 866, 15, 516, 499, 902, 256, 67, 684, 555, 935, 478, 71, 616, 692, 92, 528, 593, 48, 277, 845, 570, 65, 661, 310, 493, 871, 983, 273, 961, 672, 205, 465, 898, 543, 682, 20, 521, 73, 6, 342, 148, 728, 485, 674, 387, 172, 56, 79, 602, 509, 168, 78, 571, 221, 926, 28, 977, 790, 114, 994, 145, 687, 313, 466, 41, 427, 284, 679, 826, 42, 182, 279, 159, 308, 868, 894, 798, 854, 476, 43, 577, 396, 783, 358, 508, 350, 1000, 837, 480, 488, 47, 802, 483, 879, 610, 175, 451, 752, 800, 532, 835, 449, 303, 282, 127, 999, 191, 901, 447, 788, 123, 907, 106, 850, 497, 386, 838, 873, 673, 262, 657, 197, 354, 111, 720, 717, 830, 161, 595, 276, 891, 738, 332, 813, 806, 458, 993, 929, 81, 405, 220, 49, 294, 823, 39, 225, 519, 90, 812, 841, 325, 904, 472, 68, 600, 264, 75, 706, 437, 207, 104, 407, 200, 722, 471, 513, 242, 370, 211, 951, 842, 432, 179, 599, 209, 943, 62, 361, 548, 157, 512, 563, 484, 927, 143, 135, 50, 640, 170, 149, 560, 72, 968, 334, 176, 2, 685, 691, 63, 654, 819, 152, 223, 992, 444, 401, 755, 333, 213, 769, 391, 287, 551, 648, 312, 433, 327, 702, 592, 156, 546, 96, 267, 285, 421, 410, 579, 900, 539, 117, 719, 385, 281, 934, 305, 918, 408, 54, 883, 998, 239, 503, 778, 390, 316, 3, 76, 492, 991, 306, 440, 700, 736, 860, 411, 644, 490, 839, 289, 606, 379, 671, 615, 910, 212, 174, 867, 582, 469, 770, 486, 676, 29, 878, 677, 107, 911, 376, 877, 960, 144, 603, 340, 925, 297, 817, 598, 339, 886, 301, 678, 804, 522, 286, 810, 547, 617, 792, 348, 523, 343, 329, 470, 274, 87, 540, 604, 880, 562, 856, 252, 811, 381, 141, 30, 718, 822, 46, 214, 836, 321, 529, 940, 445, 861, 955, 815, 268, 498, 594, 821, 357, 517, 85, 19, 818, 959, 578, 236, 167, 987, 786, 686, 746, 70, 150, 545, 250, 169, 820, 518, 403, 335, 133, 576, 580, 857, 831, 897, 767, 641, 378, 419, 649, 829, 322, 331, 196, 464, 249, 195, 122, 680, 155, 520, 916, 266, 723, 442, 338, 881, 704, 747, 14, 438, 995, 74, 796, 626, 733, 715, 271, 707, 393, 825, 251, 659, 489, 893, 69, 137, 531, 892, 782, 859, 461, 34, 636, 967, 502, 448, 35, 398, 858, 323, 288, 653, 937, 612, 112, 874, 760, 436, 462, 525, 772, 317, 749, 1, 596, 178, 98, 665, 115, 739, 776, 10, 186, 226, 395, 928, 758, 217, 255, 216, 724, 299, 337, 725, 515, 564, 708, 397, 787, 241, 864, 565, 11, 621, 291, 64, 388, 575, 761, 748, 215, 108, 22, 365, 795, 58, 479, 952, 766, 38, 552, 88, 683, 735, 392, 885, 978, 66, 435, 645, 965, 177, 914, 584, 851, 319, 550, 784, 422, 247, 524, 912, 970, 119, 568, 980, 151, 125, 229, 235, 903, 781, 591, 450, 160, 609, 973, 666, 258, 756, 423, 670, 709, 971, 53, 430, 949, 180, 791, 656, 919, 362, 190, 384, 318, 628, 938, 884, 608, 347, 698, 662, 647, 380, 751, 25, 21, 428, 270, 969, 549, 454, 727, 482, 852, 373, 275, 618, 206, 105, 908, 260, 876, 832, 690, 536, 446, 633, 627, 265, 936, 283, 872, 573, 932, 26, 533, 23, 82, 537, 132, 351, 504, 629, 165, 187, 204, 467, 557, 833, 931, 743, 434, 116, 443, 721, 689, 630, 587, 417, 963, 807, 759, 142, 697, 453, 882, 367, 129, 457, 507, 353, 658, 510, 231, 230, 139, 290, 55, 487, 944, 768, 399, 740, 847, 535, 320, 996, 635, 988, 843, 369, 985, 737, 589, 171, 359, 473, 219, 620, 762, 713, 328, 624, 244, 984, 803, 302, 130, 745, 426, 741, 237, 394, 954, 210, 696, 409, 495, 775, 491, 530, 816, 773, 945, 848, 97, 976, 974, 669, 341, 637, 763, 870, 622, 574, 558, 712, 652, 846, 585, 750, 742, 730, 110, 744, 441, 199, 757, 61, 667, 780, 40, 675, 406, 360, 222, 183, 121, 553, 799, 849, 292, 501, 623, 59, 634, 840, 27, 663, 154, 855, 834, 844, 99, 946, 95, 198, 605, 922, 853, 192, 542, 374, 905, 814, 278, 113, 614, 233, 254, 336, 246, 887, 404, 185, 474, 314, 60, 324, 184, 7, 345, 298, 272, 526, 413, 12, 909, 383, 544, 315, 429, 619, 45, 326, 259, 494, 375, 964, 915, 824, 506, 567, 958, 655, 734, 771, 559, 307, 57], [234, 203, 703, 534, 389, 505, 729, 31, 459, 83, 953, 979, 349, 765, 638, 248, 950, 366, 607, 425, 794, 77, 632, 218, 202, 561, 906, 514, 136, 261, 51, 693, 371, 699, 296, 805, 418, 377, 240, 293, 9, 646, 939, 124, 37, 224, 705, 809, 754, 189, 330, 300, 372, 280, 181, 468, 701, 4, 660, 245, 947, 455, 554, 611, 363, 420, 586, 942, 714, 527, 456, 382, 889, 412, 131, 109, 481, 500, 100, 572, 263, 541, 774, 344, 402, 590, 711, 416, 193, 311, 982, 346, 477, 917, 888, 726, 164, 924, 227, 875, 269, 920, 948, 801, 238, 44, 650, 102, 91, 869, 460, 921, 89, 194, 140, 356, 972, 103, 930, 16, 828, 899, 162, 309, 52, 24, 694, 414, 668, 134, 695, 166, 941, 158, 304, 764, 583, 566, 588, 986, 625, 793, 5, 777, 681, 732, 146, 581, 789, 163, 439, 779, 128, 80, 431, 716, 923, 865, 232, 511, 228, 753, 257, 173, 975, 138, 415, 957, 201, 613, 352, 295, 253, 956, 862, 147, 569, 84, 890, 424, 981, 997, 463, 538, 896, 601, 895, 642, 913, 643, 13, 863, 208, 400, 989, 368, 651, 33, 556, 126], [0.0002974912278207492, 0.0009926271899341073, 0.00032628721313127795, 0.0003798345741259546, 0.0005666024164717626, 0.0006623861949397338, 0.0006545446344486938, 0.0005683037003833244, 0.00044052707917601185, 0.0003276490631821116, 0.0003002922190773486, 0.0003820296226416129, 0.00046822962281909, 0.00044512040065131374, 0.00035678568817565994, 0.0003003511169573214, 0.00030542437824246957, 0.0003427739466792499, 0.0003754294987421114, 0.0003835258014169099, 0.00036524057693779747, 0.0003319757653014377, 0.00030313875351504165, 0.0002969484827484402, 0.0003155635346838404, 0.00033770424295713356, 0.00033865752393463815, 0.00031900701683803255, 0.0002999722933947209, 0.0002964926963239736, 0.00030595643592786626, 0.0003167708807978884, 0.0003197759903918376, 0.00031333462959569667, 0.0003027388377099153, 0.00029606377729965585, 0.0002979386820388641, 0.00030500721179191977, 0.00030888685266720905, 0.000305428106071638, 0.0002988529680910179, 0.00029568092289417925, 0.00029763618693107353, 0.00030140006428925665, 0.00030291650695704766, 0.00030092599556271924, 0.00029744852171389703, 0.00029564026457429857, 0.00029678236549947253, 0.0002990411488215999, 0.0002996018090973767, 0.0002979168980977805, 0.00029599714910498904, 0.00029571353737596487, 0.0002968557908627278, 0.00029784094601031566, 0.000297576364727168, 0.00029642087140730757, 0.0002955993484364459, 0.0002958337686110729, 0.00029660553492429705, 0.0002968647210348289, 0.000296317286849082, 0.0002956556447174882, 0.00029557669154757775, 0.0002959905806061899, 0.00029628606451906825, 0.0002961033099243206, 0.0002956798275209661, 0.0002954914896425586, 0.0002956756390005916, 0.0002959118414907279], {'Geodset': Geometry(Si64, Si64, ..., Si64, Si64, pbc=[True, True, True]), 'GeoSi64': Geometry(Si64, pbc=[True, True, True]), 'formation_energy': tensor([0.1009, 0.1555, 0.1285, 0.1556, 0.0544, 0.1464, 0.1060, 0.1357, 0.1237,
        0.1507, 0.1346, 0.1299, 0.1430, 0.1335, 0.1601, 0.1175, 0.1368, 0.1590,
        0.1576, 0.1345, 0.1441, 0.1277, 0.1466, 0.1145, 0.1443, 0.1413, 0.1338,
        0.1677, 0.1651, 0.1420, 0.1443, 0.1561, 0.1572, 0.1133, 0.1543, 0.1034,
        0.1103, 0.1451, 0.1607, 0.1406, 0.1533, 0.1273, 0.1198, 0.1203, 0.1430,
        0.1578, 0.1402, 0.1355, 0.1366, 0.1250, 0.1383, 0.1222, 0.1478, 0.1652,
        0.1499, 0.1742, 0.1401, 0.1550, 0.1464, 0.1201, 0.1233, 0.1265, 0.1209,
        0.1651, 0.1426, 0.1667, 0.1242, 0.1337, 0.1336, 0.0914, 0.1462, 0.1631,
        0.1612, 0.1530, 0.1216, 0.1431, 0.1480, 0.1457, 0.1410, 0.1167, 0.1227,
        0.1716, 0.1791, 0.1308, 0.1489, 0.1563, 0.1386, 0.1705, 0.1361, 0.1308,
        0.1420, 0.1530, 0.1841, 0.1571, 0.1079, 0.1307, 0.1310, 0.1576, 0.0902,
        0.1460, 0.1351, 0.1317, 0.1477, 0.1154, 0.1500, 0.1689, 0.1464, 0.1475,
        0.1752, 0.1692, 0.1716, 0.1495, 0.1668, 0.1499, 0.1658, 0.1415, 0.1262,
        0.1389, 0.1399, 0.1362, 0.1742, 0.1324, 0.1240, 0.1227, 0.1266, 0.1247,
        0.1532, 0.1132, 0.1486, 0.1492, 0.1413, 0.1421, 0.1579, 0.1419, 0.1454,
        0.1468, 0.1240, 0.1444, 0.1485, 0.1672, 0.1356, 0.1563, 0.1301, 0.1317,
        0.1202, 0.1202, 0.1661, 0.1077, 0.1392, 0.1289, 0.1452, 0.1365, 0.1534,
        0.1562, 0.1560, 0.1643, 0.1089, 0.1389, 0.1230, 0.1398, 0.1200, 0.1766,
        0.1570, 0.1321, 0.1754, 0.1383, 0.1275, 0.1407, 0.1600, 0.1534, 0.1635,
        0.1528, 0.1454, 0.1210, 0.1470, 0.1426, 0.1408, 0.1145, 0.1145, 0.1424,
        0.1434, 0.0988, 0.1411, 0.1698, 0.1503, 0.1213, 0.1393, 0.1249, 0.1469,
        0.1528, 0.1166, 0.1423, 0.1614, 0.1621, 0.1381, 0.1536, 0.1315, 0.1182,
        0.1368, 0.1499, 0.1631, 0.1248, 0.1128, 0.1648, 0.1517, 0.0857, 0.1241,
        0.1308, 0.1355, 0.1534, 0.0811, 0.1313, 0.1401, 0.1368, 0.1502, 0.1312,
        0.1552, 0.1323, 0.1399, 0.1346, 0.1723, 0.1421, 0.1415, 0.1298, 0.1411,
        0.1715, 0.1248, 0.1558, 0.1583, 0.1406, 0.1228, 0.1475, 0.1000, 0.1193,
        0.1439, 0.1382, 0.1894, 0.1486, 0.1458, 0.1487, 0.1241, 0.1423, 0.1420,
        0.1436, 0.1541, 0.1493, 0.1015, 0.1516, 0.1339, 0.1000, 0.1328, 0.1395,
        0.1241, 0.1457, 0.1606, 0.1284, 0.1380, 0.1352, 0.1456, 0.1484, 0.1475,
        0.1379, 0.1604, 0.1034, 0.1338, 0.1196, 0.1550, 0.1059, 0.1091, 0.1437,
        0.1626, 0.0804, 0.1354, 0.1460, 0.1488, 0.1419, 0.1354, 0.1543, 0.1649,
        0.1996, 0.1128, 0.1511, 0.1215, 0.1163, 0.1369, 0.1305, 0.1389, 0.1687,
        0.1373, 0.1224, 0.1341, 0.1651, 0.1578, 0.1255, 0.1347, 0.1751, 0.1338,
        0.1441, 0.1223, 0.1310, 0.1724, 0.1281, 0.1359, 0.1550, 0.1369, 0.1449,
        0.1577, 0.1135, 0.1433, 0.1501, 0.1261, 0.1157, 0.1282, 0.1298, 0.1195,
        0.1758, 0.1421, 0.1534, 0.1288, 0.1160, 0.1260, 0.1359, 0.1383, 0.1454,
        0.1376, 0.1417, 0.1314, 0.1399, 0.1110, 0.1569, 0.1384, 0.1550, 0.1331,
        0.1173, 0.1535, 0.1095, 0.1362, 0.1198, 0.1412, 0.1525, 0.1562, 0.1257,
        0.1448, 0.1265, 0.1321, 0.1266, 0.1619, 0.1755, 0.1774, 0.1404, 0.1249,
        0.1492, 0.1598, 0.1337, 0.1185, 0.1309, 0.1081, 0.1342, 0.1679, 0.1231,
        0.1104, 0.1551, 0.1434, 0.1522, 0.1376, 0.1322, 0.1118, 0.1595, 0.1083,
        0.1321, 0.1465, 0.1573, 0.1348, 0.1374, 0.1425, 0.1339, 0.1232, 0.1127,
        0.1321, 0.1348, 0.1532, 0.1181, 0.1501, 0.1455, 0.1260, 0.1265, 0.1610,
        0.1281, 0.1674, 0.1413, 0.1131, 0.1326, 0.1417, 0.1480, 0.1407, 0.1172,
        0.1411, 0.1555, 0.1220, 0.1230, 0.1158, 0.1612, 0.1672, 0.1228, 0.1473,
        0.1390, 0.1298, 0.1504, 0.1518, 0.1705, 0.1303, 0.1282, 0.1569, 0.1351,
        0.1392, 0.1613, 0.1178, 0.0745, 0.1444, 0.1370, 0.1390, 0.1351, 0.1395,
        0.1590, 0.1279, 0.1568, 0.1263, 0.1580, 0.1304, 0.1215, 0.1321, 0.1248,
        0.1673, 0.1159, 0.1347, 0.1400, 0.1699, 0.1195, 0.1484, 0.1477, 0.0904,
        0.1416, 0.1260, 0.1418, 0.1378, 0.1020, 0.1206, 0.1225, 0.1338, 0.1578,
        0.1119, 0.1407, 0.1290, 0.1743, 0.1540, 0.1363, 0.1694, 0.1526, 0.1103,
        0.1754, 0.1651, 0.1380, 0.0000, 0.1490, 0.1357, 0.1289, 0.1408, 0.1536,
        0.1357, 0.1451, 0.1070, 0.1543, 0.1205, 0.1559, 0.1419, 0.1510, 0.1407,
        0.1511, 0.1563, 0.1383, 0.1373, 0.1433, 0.1426, 0.1218, 0.1214, 0.1196,
        0.1256, 0.1296, 0.1610, 0.1196, 0.1266, 0.0971, 0.1315, 0.1365, 0.1412,
        0.1498, 0.1615, 0.1311, 0.1286, 0.1652, 0.1215, 0.1362, 0.1651, 0.1239,
        0.1913, 0.1291, 0.1497, 0.1557, 0.1413, 0.1194, 0.1144, 0.1320, 0.1452,
        0.1550, 0.1276, 0.1605, 0.1774, 0.1577, 0.1259, 0.1443, 0.1516, 0.1352,
        0.1083, 0.1058, 0.1375, 0.0998, 0.1336, 0.1394, 0.1365, 0.1103, 0.1123,
        0.1552, 0.1373, 0.1730, 0.1426, 0.1369, 0.1214, 0.1232, 0.1329, 0.1457,
        0.1170, 0.1166, 0.1492, 0.1655, 0.1497, 0.1502, 0.1409, 0.1095, 0.1314,
        0.1255, 0.1767, 0.1248, 0.1701, 0.1145, 0.1187, 0.1507, 0.1256, 0.1590,
        0.1547, 0.1298, 0.1333, 0.1492, 0.1216, 0.1541, 0.1339, 0.1305, 0.1272,
        0.1424, 0.1303, 0.1629, 0.1493, 0.1444, 0.1537, 0.1438, 0.1582, 0.1019,
        0.1547, 0.1691, 0.1361, 0.1166, 0.1225, 0.1398, 0.1424, 0.1165, 0.1482,
        0.1216, 0.1289, 0.1578, 0.1596, 0.1409, 0.1171, 0.1478, 0.1495, 0.1560,
        0.1344, 0.1283, 0.1615, 0.1332, 0.1375, 0.1364, 0.1379, 0.1204, 0.1421,
        0.1211, 0.1304, 0.1407, 0.1695, 0.1274, 0.1459, 0.1255, 0.1258, 0.1462,
        0.1428, 0.1149, 0.1543, 0.1249, 0.1457, 0.0945, 0.1596, 0.1408, 0.1340,
        0.1296, 0.1195, 0.1559, 0.1159, 0.1537, 0.1565, 0.1262, 0.1400, 0.1343,
        0.1491, 0.1462, 0.1618, 0.1777, 0.1207, 0.1425, 0.1380, 0.1460, 0.1503,
        0.1519, 0.1077, 0.1445, 0.1319, 0.1396, 0.1330, 0.1624, 0.1481, 0.0847,
        0.1275, 0.1569, 0.1416, 0.1297, 0.1321, 0.1544, 0.1317, 0.1235, 0.1219,
        0.1429, 0.1179, 0.1429, 0.1187, 0.1574, 0.1380, 0.1231, 0.1277, 0.1398,
        0.1459, 0.1311, 0.1189, 0.1341, 0.1241, 0.1184, 0.1574, 0.1481, 0.1417,
        0.1277, 0.1370, 0.1372, 0.1175, 0.1264, 0.1317, 0.1393, 0.1605, 0.1171,
        0.1187, 0.1809, 0.1596, 0.1318, 0.1514, 0.1457, 0.1362, 0.1061, 0.1719,
        0.1488, 0.1366, 0.1264, 0.1190, 0.1249, 0.1679, 0.1486, 0.1421, 0.1426,
        0.1375, 0.1486, 0.1517, 0.1031, 0.1301, 0.1219, 0.1666, 0.1095, 0.1426,
        0.1341, 0.1552, 0.1083, 0.1274, 0.1480, 0.1451, 0.1443, 0.0990, 0.1449,
        0.1199, 0.0907, 0.1439, 0.1364, 0.1356, 0.1887, 0.1572, 0.1554, 0.1363,
        0.1726, 0.1196, 0.1315, 0.1436, 0.1588, 0.1804, 0.1500, 0.1769, 0.1181,
        0.1494, 0.1477, 0.1456, 0.1573, 0.1520, 0.1305, 0.1385, 0.1359, 0.1575,
        0.1344, 0.1691, 0.1354, 0.1217, 0.1334, 0.1409, 0.1038, 0.1263, 0.1622,
        0.1927, 0.1254, 0.1387, 0.1521, 0.1552, 0.1387, 0.1541, 0.1172, 0.1564,
        0.1560, 0.1395, 0.1416, 0.1450, 0.1584, 0.0164, 0.1410, 0.1294, 0.1400,
        0.1140, 0.1365, 0.0756, 0.1512, 0.1362, 0.1418, 0.1541, 0.1439, 0.1191,
        0.1705, 0.1457, 0.1060, 0.1370, 0.1281, 0.1437, 0.1591, 0.1154, 0.1572,
        0.1658, 0.1594, 0.1388, 0.1540, 0.1686, 0.1222, 0.1316, 0.1675]), 'elec_energy_defects': tensor([-88.1798, -88.1621, -88.1651, -88.1610, -88.2469, -88.1130, -88.1891,
        -88.1758, -88.1728, -88.1922, -88.1717, -88.1658, -88.1741, -88.1962,
        -88.1746, -88.1766, -88.1757, -88.1547, -88.1577, -88.1009, -88.1628,
        -88.1838, -88.1043, -88.1700, -88.1708, -88.1858, -88.1793, -88.1556,
        -88.1350, -88.1246, -88.1039, -88.1398, -88.1618, -88.1665, -88.1613,
        -88.1250, -88.1870, -88.1843, -88.1758, -88.1541, -88.1404, -88.1883,
        -88.1994, -88.1838, -88.1772, -88.1358, -88.1879, -88.1712, -88.1290,
        -88.1915, -88.1736, -88.1058, -88.1353, -88.1615, -88.1216, -88.1425,
        -88.1812, -88.1183, -88.1721, -88.1826, -88.1610, -88.1734, -88.1639,
        -88.1578, -88.1421, -88.1845, -88.1616, -88.1586, -88.1864, -88.1099,
        -88.1707, -88.1367, -89.4300, -88.1589, -88.1829, -88.1647, -88.1758,
        -88.1607, -88.1630, -88.1400, -88.1604, -88.1034, -88.1443, -88.1749,
        -88.1744, -88.1062, -88.1276, -88.1335, -88.1454, -88.1334, -88.1635,
        -88.1752, -88.1030, -88.1551, -88.1828, -88.1773, -88.1105, -88.1820,
        -88.1486, -88.1770, -88.1528, -88.1699, -88.1949, -88.1386, -88.1457,
        -88.1192, -88.1178, -88.1487, -88.1644, -88.1434, -88.1587, -88.1887,
        -88.1440, -88.1279, -88.1615, -88.1862, -88.1767, -88.1480, -88.1706,
        -88.1941, -88.1388, -88.1581, -88.1976, -88.1861, -88.1028, -88.1688,
        -88.1810, -88.1796, -88.1842, -88.1312, -88.1653, -88.1569, -88.1595,
        -88.1965, -88.1606, -88.1713, -88.1920, -88.1355, -88.1319, -88.1419,
        -88.1582, -88.1682, -88.1776, -88.1724, -88.1471, -88.1913, -88.1414,
        -88.1996, -88.1834, -88.1740, -88.1582, -88.1799, -88.1584, -88.1473,
        -88.1684, -88.1324, -88.1799, -88.1096, -88.1674, -88.1777, -88.1763,
        -88.1399, -88.1719, -88.1491, -88.1344, -88.1748, -88.1443, -88.1761,
        -88.1824, -88.1785, -88.1638, -88.1741, -88.1146, -88.1706, -88.1348,
        -88.1150, -88.1486, -88.1914, -88.1609, -88.1621, -88.1689, -88.1675,
        -88.1775, -88.1633, -88.1799, -88.1932, -88.1522, -88.1393, -88.1543,
        -88.1350, -88.1311, -88.1593, -88.1737, -88.1379, -88.1495, -88.1495,
        -88.1449, -88.1629, -88.1632, -88.1929, -88.1512, -88.1980, -88.1576,
        -88.1713, -88.1633, -88.1965, -88.1462, -88.1621, -88.1515, -88.1711,
        -88.1397, -88.1443, -88.1588, -88.1117, -88.1894, -88.1833, -88.1762,
        -88.1545, -88.1518, -88.1427, -88.1305, -88.1856, -88.1554, -88.1717,
        -88.2072, -88.1362, -88.1584, -88.1263, -88.1328, -86.5279, -88.1854,
        -88.1709, -88.1428, -88.1890, -88.1807, -88.1331, -88.1381, -88.1731,
        -88.1750, -88.2014, -88.1708, -88.1330, -88.1423, -88.1652, -88.1366,
        -88.1504, -88.1818, -88.1598, -88.1082, -88.1946, -88.1795, -88.1554,
        -88.1770, -88.1127, -88.1482, -88.1122, -88.1290, -88.1563, -88.1831,
        -88.1435, -88.1671, -88.1636, -88.1629, -88.1579, -88.1697, -88.1787,
        -88.1262, -88.1870, -88.1913, -88.1602, -88.1424, -88.1846, -88.1771,
        -88.1437, -88.1369, -88.1647, -88.1804, -88.1342, -88.1349, -89.6468,
        -88.1231, -88.1746, -88.1794, -88.1818, -88.1696, -88.1604, -88.1683,
        -88.1674, -88.1525, -88.1788, -88.1833, -88.1597, -88.1402, -88.1769,
        -88.1633, -88.1598, -88.1788, -88.1755, -88.1521, -88.1321, -88.1607,
        -88.1937, -88.1763, -88.1644, -88.1790, -88.1645, -88.1377, -88.1778,
        -88.1652, -88.1425, -88.1744, -88.1758, -88.1749, -88.1565, -88.1693,
        -88.1465, -88.1528, -88.1394, -88.1596, -88.1794, -88.1684, -88.1485,
        -88.1749, -88.1800, -88.1666, -88.1781, -88.1765, -88.1551, -88.1821,
        -88.1517, -88.1959, -88.1816, -88.1830, -88.1835, -88.1619, -88.1774,
        -88.1715, -88.1715, -88.1820, -88.1650, -88.1542, -88.1797, -88.1928,
        -88.1733, -88.1354, -88.1797, -88.1584, -88.1181, -88.1454, -88.1730,
        -88.1878, -88.1048, -88.1319, -88.1591, -88.1993, -88.1908, -88.1713,
        -88.1771, -88.1708, -88.1610, -88.1769, -88.1303, -88.1854, -88.1719,
        -88.1845, -88.1533, -88.1802, -88.1646, -88.1031, -88.1800, -88.1524,
        -88.1622, -88.1238, -88.1825, -88.1540, -88.1746, -88.1813, -88.1896,
        -88.1364, -88.1580, -88.1489, -88.1489, -88.1649, -88.1821, -88.1735,
        -88.1897, -88.1253, -88.1537, -88.1629, -88.1757, -88.1679, -88.1713,
        -88.1606, -88.1664, -88.1854, -88.1688, -88.1758, -88.1628, -88.1820,
        -88.1983, -88.1577, -88.1382, -88.1865, -88.1564, -88.1469, -88.1498,
        -88.1752, -88.1151, -88.1678, -88.1611, -88.1300, -88.1606, -88.1711,
        -88.1427, -88.1787, -88.1520, -88.1873, -88.1395, -88.1711, -88.1489,
        -88.1355, -88.1677, -88.1700, -88.1580, -88.1905, -88.1569, -88.1679,
        -88.1553, -88.1956, -88.1413, -88.1752, -88.1861, -88.1366, -88.1379,
        -88.1170, -88.1945, -88.1330, -88.1774, -88.1651, -88.1833, -88.1694,
        -88.1801, -88.1671, -88.1694, -88.1750, -88.1679, -88.2006, -88.1651,
        -88.1922, -88.1446, -88.1928, -88.1773, -88.1715, -88.0982, -88.1757,
        -88.1673, -88.1779, -88.1856, -88.1936, -88.1631, -88.1484, -88.1717,
        -88.2636, -88.1724, -88.1415, -88.1471, -88.1697, -88.1198, -88.1746,
        -88.1750, -88.2103, -88.1327, -88.1755, -88.1768, -88.1646, -88.1709,
        -88.1253, -88.1436, -88.1225, -88.1589, -88.1685, -88.1357, -88.1585,
        -88.1919, -88.1725, -88.1782, -88.1943, -88.1733, -88.1452, -88.1704,
        -88.1604, -88.1907, -88.1718, -88.1395, -88.1434, -88.1497, -88.1629,
        -88.1676, -88.1807, -88.1246, -88.1420, -88.1280, -88.1619, -88.1739,
        -88.1333, -88.1912, -88.1690, -88.1672, -88.1631, -88.1860, -88.1848,
        -88.1889, -88.1633, -88.1446, -88.1767, -88.1651, -88.1414, -88.1835,
        -88.1729, -88.1820, -88.1365, -88.1673, -88.1986, -88.2025, -88.1803,
        -88.1757, -88.1763, -88.1868, -88.1664, -88.1898, -88.1733, -88.1502,
        -88.1664, -88.1267, -88.1712, -88.1445, -88.1418, -88.1729, -88.1191,
        -88.1850, -88.1786, -88.1813, -88.1677, -88.1269, -88.1894, -88.1597,
        -88.1708, -88.1703, -88.1734, -88.1879, -88.1640, -88.1883, -88.1518,
        -88.1822, -88.1896, -88.1757, -88.1489, -88.1787, -88.1723, -88.1595,
        -88.1464, -88.1525, -88.1763, -88.1642, -88.1710, -88.1748, -88.1770,
        -88.1903, -88.1773, -88.1614, -88.1786, -88.1614, -88.1590, -88.1577,
        -88.1380, -88.1190, -88.1788, -88.1449, -88.1524, -88.1675, -88.1703,
        -88.1623, -88.1889, -88.2010, -88.1827, -88.1624, -88.1988, -88.1372,
        -88.1430, -88.1842, -88.1651, -88.1727, -88.1673, -88.1710, -88.1715,
        -88.1782, -88.1594, -88.1729, -88.1320, -88.1804, -88.1453, -88.1830,
        -88.1497, -88.1892, -88.1354, -88.1955, -88.1349, -88.1266, -88.1645,
        -88.1496, -88.1965, -88.1620, -88.1655, -88.1876, -88.1352, -88.1499,
        -88.1800, -88.2103, -88.1643, -88.1868, -88.1772, -88.1897, -88.1406,
        -88.1728, -88.1652, -88.1720, -88.1595, -88.1924, -88.1799, -88.1801,
        -88.1833, -88.1685, -88.1337, -88.1621, -88.1670, -88.1776, -88.1820,
        -88.1290, -88.1777, -88.1667, -88.1888, -88.1701, -88.1796, -88.1418,
        -88.1579, -88.1038, -88.1385, -88.1759, -88.1833, -88.1728, -88.1659,
        -88.2039, -88.1731, -88.1736, -88.1812, -88.1931, -88.1457, -88.1737,
        -88.1636, -88.1620, -88.1972, -88.1484, -88.1726, -88.1885, -88.1469,
        -88.1448, -88.1414, -88.1340, -88.1846, -88.1688, -88.2009, -88.1801,
        -88.1581, -88.1632, -88.1534, -88.1740, -88.1865, -88.1337, -88.1875,
        -88.1786, -88.1722, -88.1291, -88.1664, -88.1642, -88.1572, -88.1639,
        -88.1400, -88.1750, -88.1705, -88.1788, -88.1920, -88.1783, -88.1638,
        -88.1748, -88.1832, -88.1280, -88.1634, -88.1626, -88.1689, -88.1560,
        -88.1842, -88.1697, -88.1782, -88.1614, -88.1587, -88.2125, -88.2025,
        -88.1895, -88.1659, -88.1969, -88.1631, -88.1734, -88.1644, -88.1242,
        -88.1826, -88.1701, -88.1365, -88.1731, -88.1345, -88.1723, -88.1799,
        -88.1563, -88.1631, -88.1596, -88.1437, -88.1336, -88.1409, -88.1546,
        -88.1895, -88.1578, -88.1927, -88.1421, -88.1750, -88.1566, -88.1285,
        -88.1661, -88.1618, -88.1331, -88.1743, -88.1189, -88.1807, -88.1622,
        -88.1607, -88.1642, -88.1764, -88.1035, -88.1317, -88.1653, -88.1459,
        -88.1959, -88.1614, -88.1633, -88.1790, -88.1976, -88.1759, -88.1246,
        -88.0953, -88.1719, -88.1198, -88.1360, -88.1291, -88.1678, -88.1699,
        -88.1810, -88.1330, -88.1346, -88.1161, -88.1297, -88.1849, -88.1361,
        -88.2591, -88.1687, -88.1639, -88.1677, -88.1945, -88.1765, -88.1723,
        -88.1785, -88.1694, -88.1531, -88.1242, -88.1836, -88.1948, -88.1102,
        -88.1784, -88.1705, -88.1723, -88.1772, -88.1836, -88.1636, -88.1942,
        -88.1636, -88.1361, -88.1519, -88.1805, -88.1594, -88.1636, -88.2114,
        -88.1666, -88.1446]), 'elec_energy_Si64': -88.2635544138, 'alpha': {14: Parameter containing:
tensor([1.1362], requires_grad=True)}, 'Z': {14: Parameter containing:
tensor([13.1237], requires_grad=True)}, 'repulsive_feed': PairwiseRepulsiveEnergyFeed(
  (repulsive_feeds): ModuleDict(
    ((14, 14)): PTBPRepulsive()
  )
)}, tensor([0.1347, 0.1135, 0.1535, 0.1361, 0.1536, 0.1534, 0.1500, 0.1731, 0.1510,
        0.1269, 0.1287, 0.1600, 0.1378, 0.1574, 0.1415, 0.1308, 0.1639, 0.1560,
        0.1311, 0.1119, 0.1283, 0.1304, 0.1696, 0.1295, 0.1125, 0.1498, 0.1038,
        0.1384, 0.1329, 0.1376, 0.1838, 0.1340, 0.1368, 0.1441, 0.1353, 0.1558,
        0.1393, 0.1105, 0.1547, 0.1349, 0.0914, 0.1349, 0.1152, 0.1131, 0.1484,
        0.1703, 0.1571, 0.1105, 0.1275, 0.1560, 0.1091, 0.1451, 0.1466, 0.1654,
        0.1373, 0.1381, 0.1291, 0.1502, 0.1306, 0.1413, 0.1335, 0.1313, 0.1362,
        0.1400, 0.1445, 0.1445, 0.1179, 0.1364, 0.1234, 0.1191, 0.1419, 0.1540,
        0.1761, 0.1334, 0.1290, 0.1019, 0.1299, 0.1450, 0.1265, 0.1364, 0.1621,
        0.1410, 0.1617, 0.1490, 0.1409, 0.1173, 0.1357, 0.1424, 0.1181, 0.1449,
        0.1150, 0.1335, 0.1583, 0.1626, 0.1677, 0.1412, 0.1247, 0.1721, 0.1117,
        0.1590, 0.1687, 0.1322, 0.1377, 0.1372, 0.1441, 0.1722, 0.1527, 0.1115,
        0.1169, 0.1609, 0.1476, 0.1491, 0.0967, 0.1290, 0.1752, 0.1229, 0.1691,
        0.1181, 0.1535, 0.1338, 0.1372, 0.1224, 0.1695, 0.1566, 0.1605, 0.1777,
        0.1486, 0.1416, 0.1547, 0.1330, 0.1692, 0.1220, 0.1166, 0.1347, 0.1127,
        0.1519, 0.1163, 0.1457, 0.1279, 0.1585, 0.1490, 0.1423, 0.1543, 0.1412,
        0.1318, 0.1587, 0.1068, 0.1367, 0.1414, 0.1476, 0.1340, 0.1272, 0.1511,
        0.1660, 0.0941, 0.1344, 0.1788, 0.1318, 0.1413, 0.1413, 0.1144, 0.1360,
        0.1240, 0.1172, 0.1110, 0.1457, 0.1438, 0.1576, 0.1197, 0.1229, 0.1136,
        0.1414, 0.1445, 0.1414, 0.1484, 0.1128, 0.1650, 0.1429, 0.1785, 0.1125,
        0.1230, 0.1256, 0.1605, 0.1579, 0.1607, 0.1664, 0.1697, 0.1345, 0.1152,
        0.1265, 0.0639, 0.1267, 0.1532, 0.1434, 0.0999, 0.1232, 0.1400, 0.1082,
        0.1014, 0.1368]), tensor([0.1721, 0.1342, 0.1579, 0.1215, 0.1667, 0.1508, 0.1491, 0.1649, 0.1372,
        0.1525, 0.1351, 0.1513, 0.1255, 0.1482, 0.1283, 0.1390, 0.1485, 0.1468,
        0.1223, 0.1135, 0.1255, 0.1731, 0.1648, 0.1619, 0.1332, 0.1222, 0.1014,
        0.1201, 0.1634, 0.1471, 0.1772, 0.1351, 0.1196, 0.1457, 0.1454, 0.1388,
        0.1335, 0.1205, 0.1671, 0.1518, 0.0713, 0.1381, 0.1232, 0.1411, 0.1477,
        0.1694, 0.1613, 0.1134, 0.1366, 0.1645, 0.1235, 0.1416, 0.1287, 0.1863,
        0.1515, 0.1306, 0.1402, 0.2283, 0.1272, 0.1408, 0.1324, 0.1310, 0.1214,
        0.1328, 0.1549, 0.1339, 0.1095, 0.1369, 0.1101, 0.1106, 0.1342, 0.1525,
        0.1698, 0.1389, 0.1541, 0.1420, 0.1151, 0.1356, 0.1287, 0.1588, 0.1734,
        0.1427, 0.1552, 0.1455, 0.1217, 0.1152, 0.1131, 0.1279, 0.1342, 0.1832,
        0.1275, 0.1326, 0.1556, 0.1563, 0.1587, 0.1443, 0.1209, 0.1788, 0.1148,
        0.1458, 0.1787, 0.1431, 0.1336, 0.1413, 0.1670, 0.1903, 0.1450, 0.1228,
        0.1423, 0.1490, 0.1344, 0.1553, 0.1092, 0.1436, 0.2020, 0.1355, 0.1658,
        0.1327, 0.1363, 0.1750, 0.1255, 0.1340, 0.1662, 0.1746, 0.1512, 0.1813,
        0.1455, 0.1276, 0.1438, 0.1484, 0.1590, 0.1162, 0.1258, 0.1761, 0.1070,
        0.1439, 0.1066, 0.1574, 0.1168, 0.1603, 0.1470, 0.1305, 0.2106, 0.1338,
        0.1261, 0.1556, 0.1064, 0.1262, 0.1372, 0.1421, 0.1348, 0.1232, 0.1725,
        0.1970, 0.0978, 0.1259, 0.1794, 0.1380, 0.1690, 0.1281, 0.1172, 0.1449,
        0.1348, 0.1507, 0.1285, 0.1865, 0.1266, 0.1583, 0.1402, 0.1277, 0.1075,
        0.1517, 0.1673, 0.1474, 0.1400, 0.1092, 0.1845, 0.1518, 0.1788, 0.1115,
        0.1289, 0.1480, 0.1387, 0.1557, 0.1591, 0.1692, 0.1676, 0.1257, 0.1255,
        0.1222, 0.1095, 0.1284, 0.1638, 0.1170, 0.1153, 0.1137, 0.1323, 0.1242,
        0.0923, 0.1595], grad_fn=<SubBackward0>), [0.10087664888936487, 0.15554419254191032, 0.12853696437239392, 0.15558144018728726, 0.05440996432945333, 0.14638310483613814, 0.10602811959090097, 0.13567463463683715, 0.12368868846052194, 0.15074831969685398, 0.1345517946725554, 0.1298866211676959, 0.14295626192779842, 0.1335254911414001, 0.16006903507610915, 0.11746359249011995, 0.1368377503908338, 0.15900783034394905, 0.15757346157818652, 0.13454112524116546, 0.1440585942990147, 0.12770384542543134, 0.14664735195667689, 0.11453781008459885, 0.14427598125335983, 0.14125094590464649, 0.1338123266017579, 0.16770120020905033, 0.16508835520662224, 0.14197034957923726, 0.14433590874437208, 0.15610605443468017, 0.15715821883300407, 0.11330080209626914, 0.15432909707332243, 0.10342717842967453, 0.11032222450864282, 0.14511469785743536, 0.16067292092396102, 0.14058690141253116, 0.15330291260997697, 0.12729196928587072, 0.1198153860932738, 0.12028923151631687, 0.14296438279353296, 0.15777580299157634, 0.140178427892927, 0.1354574464963374, 0.1366136688120374, 0.12495926254689493, 0.13827840292359994, 0.1222495889542099, 0.14779428073569711, 0.16522963063492746, 0.1498713319787175, 0.17424831250317396, 0.14014356711618348, 0.15504162605177108, 0.14635857686697307, 0.12007127531493289, 0.1232583384355177, 0.12654252377345898, 0.12091810543487647, 0.16508261496213095, 0.1426098569148504, 0.16672912434867015, 0.124181793102073, 0.13365422292276286, 0.133595549318704, 0.09143872925686658, 0.146177435036428, 0.16313002155403034, 0.16115512470524962, 0.1530460351989813, 0.12162570596141542, 0.14313556923206328, 0.1479724701255094, 0.14574151234385013, 0.14103199048912707, 0.11669466726325517, 0.12268785662118731, 0.17161870907376908, 0.17914863574839401, 0.13081342516768935, 0.1488833124238873, 0.15634741848581868, 0.13858417678086177, 0.17045154391170314, 0.1361341831026639, 0.13075046107999455, 0.14201741186671413, 0.1530126407202843, 0.18411778864100192, 0.15706144463175065, 0.10787921650954502, 0.13070632183378983, 0.13100248868263087, 0.157605203072265, 0.09023509700507759, 0.14603308736459297, 0.13511064569316567, 0.13172202097985775, 0.14770576263769186, 0.11540051297279597, 0.15003099823899113, 0.1689084537392791, 0.14636121840842087, 0.14750213389546474, 0.1752417242863924, 0.1692180105720098, 0.17157528533691568, 0.1494810747317903, 0.16683622547761168, 0.14989194136740736, 0.16584848595263502, 0.14153891103923932, 0.12619292561170425, 0.1388937589706245, 0.13986056203792252, 0.13620296718088554, 0.17420934278445088, 0.1324107352935311, 0.12396054379371968, 0.12267980851911453, 0.12655227777917766, 0.12466409674965284, 0.1531823119841622, 0.1132098890447839, 0.14861138175457533, 0.14921945261550285, 0.14132028783761363, 0.14205633748624713, 0.15791308634075563, 0.14193718992872206, 0.14543416745296334, 0.14677741002116207, 0.12398816973094462, 0.1443795096129712, 0.1484601053650909, 0.167185478930703, 0.13557331050171229, 0.1563274404505215, 0.1300617563211457, 0.13165064423679063, 0.12016145558488667, 0.12017694248523192, 0.1660608411894664, 0.10773471632801268, 0.13919146892360423, 0.12889505824299263, 0.14516772786772414, 0.13649604267654958, 0.153411695020516, 0.15615963494984975, 0.1560032224747694, 0.1642702244716734, 0.10889572671320735, 0.13889286338958584, 0.12302772650175164, 0.13980533882794433, 0.12004305624360967, 0.176608585645468, 0.15702224706721601, 0.1320664437342387, 0.17536815849998355, 0.13825222013234928, 0.12751490943064603, 0.1407263926611293, 0.16002279891344706, 0.15336499949129845, 0.16346652887139967, 0.15282867580662796, 0.14542249329503854, 0.12098435821962639, 0.1470392985700517, 0.1426070169270517, 0.14077876779845688, 0.11451515633098275, 0.11454257242956523, 0.1423981797030578, 0.14335644700474504, 0.09881171757357698, 0.14106118011011048, 0.16981858751067946, 0.15031284167110215, 0.12133284067188832, 0.13928037031706353, 0.12488302239821714, 0.14689274630623927, 0.1527874463719403, 0.11664582704345605, 0.1423432560000748, 0.16142180049677357, 0.16211582288288184, 0.1380615583892837, 0.15364030668854944, 0.13148114459225724, 0.11824623587234306, 0.1368083101394557, 0.14992206846365974, 0.1631089156819634, 0.12484103262000623, 0.11276480474560202, 0.16481628121494651, 0.15165278157750528, 0.08568422051439484, 0.12411043951107992, 0.13078722951417632, 0.13551459684089195, 0.15344175486550604, 0.08106358057599117, 0.13129639655049452, 0.14008014660187662, 0.13684702114293223, 0.15019459300205718, 0.1311508820876064, 0.1551915294864905, 0.13231888770672562, 0.13992814698568523, 0.13457614550997832, 0.17231689148341545, 0.14206234489832603, 0.14147630011254897, 0.12976167860918686, 0.1410947594379124, 0.1715152053362079, 0.12475962845624444, 0.15575272621648573, 0.15829195386952932, 0.14055023063967909, 0.12283195733756358, 0.14745517781353534, 0.09997514312437872, 0.11929337480053626, 0.1438798746164487, 0.13822394703952057, 0.18938257147481785, 0.14858510966246463, 0.14576886560108626, 0.1487093547187932, 0.1241320742059262, 0.14231094636143915, 0.14198364879229075, 0.1436395042670462, 0.15407087316707546, 0.14927779768060034, 0.10154040195933334, 0.15163868233165445, 0.13391048625254598, 0.09999667198117024, 0.13277540913068897, 0.13950931897640118, 0.12409382220151421, 0.1457178314466141, 0.160624680085645, 0.12841947531188502, 0.13802635510883476, 0.1352432666555412, 0.145551069626757, 0.14836432192562654, 0.14747712781758615, 0.13786244540405512, 0.16041156818022273, 0.10340982466364323, 0.13376264702738716, 0.11964853938247799, 0.1550052247433431, 0.10586512457681074, 0.10909391104300425, 0.14366512258867203, 0.16262135173607284, 0.08039493837588374, 0.13542325823223145, 0.14600123011014077, 0.148805355714261, 0.14186289381931338, 0.1354017223930679, 0.15429419807727918, 0.16492243898872516, 0.1996231519384839, 0.11277445916064899, 0.15114403826089706, 0.12153304180461788, 0.11628812492065599, 0.13694224783013098, 0.13052480993754578, 0.13886578942721606, 0.16870608954130972, 0.13729486384641731, 0.12240898253449828, 0.1341304309598801, 0.16509141311791709, 0.15776968680149217, 0.12546336773125333, 0.13467900429689728, 0.17511934572825538, 0.13381312994199135, 0.14407963696224257, 0.12227118359229472, 0.13098889363751454, 0.1723992312849809, 0.12809690885077885, 0.1359197103697518, 0.1550063419228085, 0.13694565228755629, 0.14486678470917091, 0.15768697509676421, 0.11346594988579106, 0.14329850177230163, 0.15011786776229563, 0.12607713914740337, 0.11574494785445388, 0.12824906391661095, 0.12982397496165632, 0.11948406998548577, 0.1757766834686425, 0.14214431316421994, 0.1533642343703594, 0.12884580679825497, 0.11603420656527064, 0.12600121136798492, 0.13591411087517535, 0.1383423199212821, 0.14543032898601638, 0.13764259146755187, 0.14169109035962535, 0.13141973132605678, 0.13994622067098383, 0.11097210029868165, 0.15692622071471618, 0.13840595394916555, 0.1550335334830173, 0.13312056981150633, 0.1172796518310193, 0.1535382762314068, 0.10951366844270716, 0.1361733828721583, 0.11981105334790954, 0.14123388539822201, 0.15252785061340823, 0.15615022197786388, 0.12574530340416779, 0.1447857502436154, 0.12654202104269885, 0.1321391074386522, 0.12660625481955812, 0.16193410813036735, 0.17547759027108611, 0.1774152083294389, 0.1404019402246881, 0.1248709634748657, 0.14921038435218215, 0.15983350498024151, 0.1337350758466549, 0.1184736862617175, 0.13092715513979059, 0.10805796595906436, 0.1341571146444256, 0.16789951499895217, 0.12312336478138342, 0.11040723672108754, 0.15514573284575128, 0.14343751821962591, 0.15219190372323865, 0.13758934647371568, 0.13218652398961872, 0.11176152907618508, 0.1594922018760201, 0.10833881532194667, 0.1321249115420784, 0.1465332809508464, 0.15729307893172262, 0.1348125267202036, 0.13744282324186763, 0.14252229062435262, 0.1338530466908079, 0.12318798773359063, 0.11272890139052016, 0.13208999600883864, 0.13484047641897767, 0.15322181677304947, 0.11810261069222783, 0.1500847676456889, 0.14547406950204866, 0.12598608020110014, 0.12652029190208935, 0.16101919290435163, 0.12807877599906625, 0.16741119475195987, 0.1413183603355428, 0.11310366585720821, 0.13257668164587422, 0.14167210933350383, 0.14803262472734602, 0.14065500709822487, 0.11724487006532058, 0.14114949167691115, 0.1555023144816463, 0.12199719532829967, 0.12304012756131577, 0.11582439254423171, 0.16115563726645377, 0.1671934252371461, 0.12280784647322918, 0.14727780425872972, 0.13903304185055276, 0.12981765775277054, 0.1504067387677388, 0.1517678268079301, 0.1704950462921122, 0.13028171278826228, 0.1281900845581756, 0.15686157902035447, 0.13511727931373585, 0.1392182077321351, 0.1613392703337091, 0.11775112655513631, 0.07445743049200537, 0.14437029104491117, 0.137045821758905, 0.13898976988840772, 0.13507365235311752, 0.13950041792250545, 0.15896065817599236, 0.12787209008053146, 0.15679969021789297, 0.12633715458322214, 0.15797251073351326, 0.13035114402209125, 0.12146447895732848, 0.1321194634547158, 0.12480072302090939, 0.16731307258548256, 0.11591506341766511, 0.13474549374729428, 0.1399996714610392, 0.16988342213899443, 0.11952968949448284, 0.1483635281402158, 0.14769013572242073, 0.09041963594318325, 0.1416292493312863, 0.12601413463544908, 0.14183903358537364, 0.13783605791906695, 0.10197264530953909, 0.12059822939182041, 0.1225078411574394, 0.1337541167741758, 0.15776276102378972, 0.11186360400000872, 0.1406598036200606, 0.12903322504593717, 0.17425005515614345, 0.15397230596627764, 0.1363169176489354, 0.16937054305340382, 0.15261971032749244, 0.11031534099266338, 0.1754303523218379, 0.16505785877965806, 0.13797165410675838, 0.0, 0.14898310484716326, 0.1356532274203115, 0.12894506157891428, 0.14079822583080848, 0.15360654802404383, 0.13572104094887116, 0.145060361776153, 0.1070289675999394, 0.15431606870278713, 0.12046235537923522, 0.15590541231005695, 0.1418746175888259, 0.15096645890987226, 0.14070673581493054, 0.1511450150579421, 0.15632606014589356, 0.13833248175961188, 0.1372537435572223, 0.14326263920896842, 0.14258572988081397, 0.12177644103334728, 0.12140612102996862, 0.11962512602032405, 0.1256143357939017, 0.12961116513567994, 0.16104581301256538, 0.11960111327668699, 0.1265882693326379, 0.0970592198276421, 0.1314628959801727, 0.13648570141662653, 0.1411549331493962, 0.1497620589646953, 0.16145508399251085, 0.13110277832427109, 0.12862910044139753, 0.16518415738824288, 0.1215336672781202, 0.13617136386426765, 0.1651409728894908, 0.12392457061492124, 0.19128100483090194, 0.1290809484537636, 0.14969676827726275, 0.15565657344630957, 0.1413095691621269, 0.11938651780103271, 0.11442723393953003, 0.13204768577651826, 0.14516359356871433, 0.15495839985650228, 0.12757098853239235, 0.16053772824385248, 0.17739988459609712, 0.15768323364803472, 0.1259311579680933, 0.14426965595962216, 0.15157777253119775, 0.1351867461944103, 0.1082752996268912, 0.10577105181840452, 0.13753916233111774, 0.09983801375486756, 0.13362686305064742, 0.1393892688554672, 0.13651549850394318, 0.11031076864170686, 0.11229250132421598, 0.1552297267344116, 0.1372841414959982, 0.17302556950014747, 0.14261895090270116, 0.13685871882042555, 0.12141554686421863, 0.12324050178336243, 0.13286023833149585, 0.14567577662209708, 0.11698943065539424, 0.11655992880479715, 0.1491995469763765, 0.16546189334835226, 0.1496953332161386, 0.15021705823163956, 0.14087046875545717, 0.10945722625763565, 0.13143241719288312, 0.1255336570618084, 0.17668123832508442, 0.12480541149973412, 0.17009762439687748, 0.11450175495480508, 0.11869229219116129, 0.15073556694625445, 0.12562162465492932, 0.15896579205662853, 0.15471718537511414, 0.12984908540761708, 0.13332178963551122, 0.14924435359031385, 0.12162129751244422, 0.15414821616298013, 0.13393700346265014, 0.13051205534948096, 0.1272392700195013, 0.14240249848367803, 0.1303313607582144, 0.16285917425480534, 0.14928833077199855, 0.14437896278302276, 0.1536569710372504, 0.14375696686803963, 0.15818712274636404, 0.10193279470950856, 0.1547246260108519, 0.16914861314755925, 0.13607566568323648, 0.11659810841304363, 0.12253778524205572, 0.13978451114826562, 0.14238856644725217, 0.11647172858845067, 0.1482499396530148, 0.12155417523867484, 0.12887317181527536, 0.1577764663168839, 0.1596043314150375, 0.14089766141814764, 0.117107904965291, 0.1478451326135204, 0.14950696463092505, 0.15598786162460776, 0.13442684402919802, 0.1283409780196969, 0.1615096978986852, 0.13323495392158335, 0.13747381284476745, 0.1364420417491079, 0.13787944049667722, 0.12042179735470704, 0.14214346131487687, 0.12109290359702207, 0.13040485940728175, 0.14073734947223926, 0.16945892591389544, 0.1273962532115931, 0.14593145784258077, 0.12552048867634902, 0.12577322701092264, 0.1461874800967955, 0.14277187072197606, 0.11493920200936536, 0.15429535825345475, 0.12485275197959744, 0.14567022967905174, 0.09445065906146688, 0.15957720012372079, 0.14083479618613381, 0.13396141015904384, 0.12963374098072755, 0.11946785655099568, 0.1559425923366753, 0.11592183080577811, 0.15366416912744718, 0.1564767044469928, 0.12616167729356143, 0.14004080167254962, 0.13425999768589492, 0.14914315660785427, 0.14618286732158126, 0.16177885656644975, 0.17773093978367704, 0.12067065202066374, 0.14253425069202308, 0.13800187675125386, 0.14603559477100525, 0.1502914789212575, 0.15188631471507819, 0.1076669395487766, 0.14449598586209333, 0.13192858231818327, 0.1396477220775001, 0.13296669744973677, 0.16243104352150795, 0.1481360505563405, 0.08467854915651074, 0.12749454479245692, 0.15692228559704624, 0.14157231250030478, 0.1296829042270886, 0.13211698287530993, 0.15443400867750867, 0.13168797089321238, 0.12354273080078038, 0.12191004614263612, 0.1428638123870538, 0.11792974223711461, 0.1429250687336392, 0.1187346336604076, 0.15735533191999096, 0.1379550459845209, 0.12307365397008674, 0.12768957529522318, 0.13981843261227667, 0.14585118776297357, 0.1310739477441878, 0.11894658024475113, 0.13410928062113214, 0.12414382186249995, 0.11837073192655723, 0.15742220503333826, 0.14814797571215088, 0.14172766806481363, 0.12772488220876888, 0.1369611435978193, 0.1371865613820571, 0.1174792164654459, 0.12644235136216686, 0.13170590088865275, 0.13934643531276336, 0.16048904861860436, 0.11711362389517532, 0.1186543286689421, 0.18094555828278303, 0.15960500503015673, 0.1318425341422813, 0.15142136005611917, 0.1457446896904493, 0.13615294142787882, 0.10610636992763034, 0.17191103598569235, 0.1488411106020724, 0.13656922601641064, 0.12643426210085096, 0.1190369189042908, 0.12488936643411108, 0.1678576420835931, 0.148622767430302, 0.14214088004232295, 0.1425790444436945, 0.13749650371519984, 0.14864809763722242, 0.15170961330541743, 0.10312577222963348, 0.13014915540221672, 0.12193351499626992, 0.16658165555670124, 0.10948087555045127, 0.14259776565209314, 0.13409786995586437, 0.15515538101341342, 0.10826223413953784, 0.1273516751784527, 0.14802384898864673, 0.14508719613292698, 0.14428603256111394, 0.09899970690576154, 0.14489641715951507, 0.11986534937242865, 0.09066815472031564, 0.14390044946077651, 0.13635895630374684, 0.13559866312572133, 0.18869133064508326, 0.15721531001114641, 0.15542476495453528, 0.1362550531010278, 0.17262001718435194, 0.11956587471688529, 0.13153650303974906, 0.14363836209804148, 0.15875283670332863, 0.18041854687695036, 0.1500025645516132, 0.17688583504451927, 0.11810096101504897, 0.14940586135923972, 0.1476837729443723, 0.14563384711277827, 0.1572699783063225, 0.15197299093693672, 0.1305419615822938, 0.1384809732852812, 0.1358852082664157, 0.15748795398484816, 0.13441942176812027, 0.16912805043051016, 0.13539229582383072, 0.1216817586036445, 0.13338311396834612, 0.14088821059435652, 0.103776016247906, 0.12632352095131338, 0.16217617519608396, 0.19268562722341365, 0.12544821818970675, 0.1386609450173335, 0.1521059080988696, 0.1551758830940777, 0.1387461251741886, 0.15413001018011308, 0.11718301066231973, 0.15642630348338216, 0.15597035057146869, 0.13953820247551008, 0.1415617327372658, 0.14496051937379306, 0.15841731757529587, 0.016391826369584805, 0.14104680818427262, 0.1293726149803227, 0.140001043680817, 0.11401986877955395, 0.1365239541560257, 0.07560739403024641, 0.15120346706357424, 0.13618278004193485, 0.1417517142503364, 0.1541256943394398, 0.14394652098646432, 0.11911905842203652, 0.17050386686498875, 0.14567482591707126, 0.1060229790953855, 0.13698123886346103, 0.12805195229959843, 0.14371376803705083, 0.15913358285757262, 0.11544685717847258, 0.15720118099834401, 0.1657616469312675, 0.1594223950640945, 0.13877832382986632, 0.15402841814241341, 0.1685907363515433, 0.12219237025591134, 0.13157436145889534, 0.16748716993800983], [0.11157702373891709, 0.15377966328885861, 0.1349827466594462, 0.1535146840166135, 0.03954453084544696, 0.18246798838026734, 0.10668604517132962, 0.13164643502690865, 0.12811836348473093, 0.1304837318362928, 0.13349914590129686, 0.1366204716767072, 0.13600886903394382, 0.11580366871599779, 0.14486229427227215, 0.12248684194648263, 0.132748296033526, 0.16061509210101121, 0.15697782782019942, 0.1844938019782063, 0.1456764478984951, 0.1231975366507072, 0.18786377461978532, 0.1252277329552669, 0.1394981543821956, 0.12817291127645092, 0.1295767417367415, 0.16230822789687238, 0.17619129765380137, 0.17125757128647479, 0.18809802818475418, 0.16893182460908918, 0.15342974828307376, 0.12906836066694893, 0.15235016766241927, 0.15079474724743136, 0.10970433347679887, 0.13311158769994336, 0.14489608940722576, 0.15010454046780808, 0.16682298724737166, 0.11731353809658174, 0.10696248388023832, 0.11852456211150297, 0.13512983158933878, 0.1716604324901425, 0.12714255174276445, 0.1353748329511575, 0.16612550310364327, 0.11515635427396376, 0.13473289967204494, 0.17535666490516633, 0.16560137172305645, 0.1591241614152068, 0.17618856160905239, 0.17747894912324114, 0.13433788324294937, 0.18325399510612783, 0.1394542669652168, 0.11960721863471235, 0.13578862907192502, 0.12943007673351303, 0.1320803759427065, 0.1604102466768751, 0.1602692463680171, 0.14405850617856686, 0.13573911737714184, 0.14201552412195895, 0.12299827568440946, 0.15665102778292805, 0.1418907422330591, 0.17482355343918243, 0.2702955410104124, 0.15183520969334552, 0.11832496399249237, 0.14471373143661026, 0.13688315837217147, 0.14811492150127492, 0.14287323832718357, 0.14686683525205524, 0.1363208248760941, 0.20132045906275664, 0.17985249887163945, 0.12954455645969176, 0.13962711568049713, 0.19111441911624638, 0.16664396963615502, 0.18092774649282717, 0.1542760323550567, 0.15787191880086482, 0.14539585700688917, 0.14091921909691507, 0.20832922755354844, 0.16035325959795443, 0.11219311826714318, 0.1271462952560114, 0.17563471238422323, 0.13996081661383641, 0.12760898686863698, 0.1379754501722772, 0.1505624265578689, 0.13456884154929583, 0.12617529125797944, 0.1474051951733628, 0.16006912531365458, 0.18877538244511527, 0.18018684576084354, 0.1574690982876632, 0.16051580836000312, 0.1724322557797251, 0.16427791486707122, 0.13298488059706415, 0.1711123439999227, 0.17226477368916449, 0.16005987427153912, 0.12867000665193018, 0.12575374789328464, 0.15345294764543382, 0.13812511715916287, 0.12200328933496962, 0.17862394911009005, 0.14330735941021544, 0.11106202308153001, 0.11799186140088125, 0.1791696438408934, 0.13124479477419015, 0.1372216922868006, 0.1173609154927675, 0.1323714464346466, 0.1719558778215884, 0.1424259102032721, 0.14890786252883004, 0.15523924196861572, 0.12038096095878359, 0.14814487003384613, 0.14136775719462946, 0.11442384046338816, 0.16479775455172785, 0.1689169057936084, 0.17305498131570118, 0.1459050816240932, 0.14815297543208317, 0.12772219927434492, 0.1326612426861402, 0.1433353129347381, 0.11344817537334961, 0.17181130029399583, 0.1006820875361143, 0.13032663487351215, 0.12938076923133224, 0.14964003398213777, 0.12822941548790823, 0.15408653265221517, 0.16428262601195343, 0.14665438283330445, 0.17704508536287733, 0.11579271950623138, 0.18097637343362294, 0.13202684839512813, 0.13421639134242014, 0.12409396818725327, 0.18239629438431848, 0.1459900564108665, 0.1473146798333289, 0.18276683653975567, 0.1355759303434496, 0.15081739621636814, 0.13496360254801232, 0.14073609091008166, 0.1390229526976441, 0.1578651253556842, 0.14160479193364495, 0.18060342585107492, 0.127507352042457, 0.1677826752016216, 0.17933284537724603, 0.15337871554278593, 0.11022138418171323, 0.13164081429687258, 0.14395078133949823, 0.14105534227481087, 0.11969068021136309, 0.1345335432011865, 0.16073140670573594, 0.1367610152301495, 0.11167886126831661, 0.15050250239380603, 0.15136892031756588, 0.15380926558290753, 0.17133479057932277, 0.15538986356017404, 0.14955928601591495, 0.1461770021667661, 0.17347958334460145, 0.15007367538855476, 0.16029614537833936, 0.15153069000396613, 0.13013914521053493, 0.14202671276125045, 0.1271164917039158, 0.16530261065398122, 0.1107419429064862, 0.13230607706277908, 0.15115487382402648, 0.14973003013334107, 0.0914594417875918, 0.14622381008690866, 0.1396133514268456, 0.14843951182942305, 0.14514480399979846, 0.12877860178151934, 0.1519869112395611, 0.1468075953844732, 0.1781189399705596, 0.12967760526650807, 0.12465573923381612, 0.14114896617536488, 0.14516242469051122, 0.15053385882598036, 0.15556111095624203, 0.1842765467659433, 0.1294288435078954, 0.1482416225736074, 0.13139428300270595, 0.11293453581882318, 0.17915199914665436, 0.13753863331875493, 0.1788510601674318, 0.1763836908323384, 0.3103640917265693, 0.11697046760966145, 0.14239153449999264, 0.13618683388051522, 0.11243819110896425, 0.13241633168667022, 0.16423832948119355, 0.18803675358662986, 0.14224059884928408, 0.13753742213401665, 0.12259436583232741, 0.1302303215624505, 0.16659758470559893, 0.15902657632233286, 0.14388745405756254, 0.1690496349674362, 0.1586721480139346, 0.1097016642556099, 0.1496372358291893, 0.17877439635360304, 0.09966561975204513, 0.1288291968196944, 0.1479268214581282, 0.12522281623536458, 0.18244564245937056, 0.16184972202886172, 0.17434791970164554, 0.16536484996224488, 0.14771805819565031, 0.13177009117767113, 0.16211925762398494, 0.1438238630648101, 0.14114911575715894, 0.15614911347049087, 0.12988550550318223, 0.13752397347435874, 0.12166035909619666, 0.17622819408441615, 0.10802246136773874, 0.10711926521584303, 0.1462148854728582, 0.1698880012701096, 0.09747189517419486, 0.12947139675277697, 0.16013401810005234, 0.1667380856547993, 0.14258716050514408, 0.1287564396862706, 0.17081005842557317, 0.1765416118992107, 0.10319295418399577, 0.15844333580575665, 0.14114446886173937, 0.12260005141018837, 0.11738024682360049, 0.13723978735590947, 0.13952208805730493, 0.13738684411298152, 0.15633477358862535, 0.1499582932737269, 0.12276085366326583, 0.12583160819944794, 0.1594916552944028, 0.17109862578277557, 0.12555543155001203, 0.14079600685637672, 0.16429642074155026, 0.12853910107561717, 0.13665134253318456, 0.14140805774816556, 0.16059824772077036, 0.16158031820729946, 0.11645234600297272, 0.13186643064560144, 0.1502971468684393, 0.12902784464985473, 0.14485840704736574, 0.16763143959242655, 0.11889326470205219, 0.14413575467864348, 0.162806534360584, 0.12812799169080336, 0.12092166820137606, 0.12894430959211434, 0.14079489175618676, 0.12760733194487273, 0.17746355774769995, 0.15182619535625008, 0.16829316493345914, 0.13893008760734915, 0.11995900785545643, 0.1318202241403128, 0.15154395560902856, 0.13525283191466997, 0.13647350318206009, 0.14021401653567978, 0.13347337260483982, 0.12974742376823656, 0.15025558201384115, 0.11434608152131887, 0.15893443408135965, 0.12138472953557766, 0.13703287035127687, 0.12586376754030937, 0.11747804023710273, 0.15005391908852062, 0.11797982953764574, 0.1359975786298122, 0.12675965134461364, 0.12960024287683325, 0.14965732674028231, 0.15984195508210064, 0.12415292230751618, 0.12533697939895205, 0.13046034924599326, 0.15930774997808328, 0.12485363673050642, 0.15995796279926822, 0.19394948264387324, 0.17236678366083424, 0.1389718061945331, 0.118160175573081, 0.1884828796483191, 0.17606344473233548, 0.14323934953442574, 0.10627096875963105, 0.11926957003264249, 0.12049210026096091, 0.12980925380061592, 0.15300017019796996, 0.13570071114919813, 0.11741137323923567, 0.1743514380579967, 0.13139717132928297, 0.14331112228771303, 0.12611831631151915, 0.14573485895486726, 0.11510962695417959, 0.15215239837333172, 0.1699134596375842, 0.12764436182280292, 0.1522529494751268, 0.1539266762760576, 0.16766338651832768, 0.12826809571291165, 0.14874403164617434, 0.1321526792230685, 0.12016784805344116, 0.10913989014075298, 0.15704486808863294, 0.14503311065767832, 0.1570195329357631, 0.14076408023767328, 0.14620734208786246, 0.1316106597807476, 0.127729423356314, 0.1179344599027985, 0.18242322461549065, 0.14395518433443044, 0.15952306281083395, 0.1344577411278891, 0.12484367198742063, 0.13439282850811196, 0.14653563061793307, 0.14567488991126254, 0.12903270489516672, 0.12731572270133995, 0.13463371155935988, 0.15000844704978533, 0.1207615854721098, 0.10876259817655409, 0.1355246089876232, 0.1720928240391828, 0.14278674894774213, 0.13817139528212863, 0.15922069762461888, 0.1516762297661245, 0.12964944502230935, 0.18293861274509027, 0.14689884725476077, 0.1606086122590824, 0.1604395182343552, 0.13674728358124355, 0.1467481517037612, 0.15454231130907203, 0.13215248052154038, 0.16383289432853587, 0.11384278067660603, 0.12599505057777094, 0.13890915524552838, 0.1523797862274563, 0.16357857285748878, 0.13853944194956114, 0.1388681861054124, 0.15714030332711104, 0.11722824183405578, 0.15637071332953667, 0.13360492318592776, 0.1569392377964931, 0.1146645093909342, 0.14870480561639, 0.12952559723659363, 0.118943336329977, 0.17666814538314668, 0.1472409472057592, 0.1735214192168968, 0.12102260308920165, 0.1810766711800511, 0.12197980519150065, 0.1464949289784272, 0.1336116062988566, 0.11385926927965784, 0.13206413060139255, 0.13246551072865032, 0.14041474358555206, 0.1334615052063839, 0.12044743999921081, 0.10582968647533164, 0.13162100084061024, 0.11794227380158873, 0.16810806902340403, 0.10633512144762847, 0.13407671833738277, 0.13029361733764233, 0.2071919056211584, 0.14048772394733078, 0.13652241729855064, 0.14746523978553228, 0.13524796122922567, 0.10658462944701341, 0.16299393871801726, 0.16672415970903387, 0.13584023762754782, 0.0, 0.1410178115382621, 0.15628786538981387, 0.1495983980179858, 0.13863624216863002, 0.18111889610325704, 0.1344922521702614, 0.1388555814257444, 0.09328854555225519, 0.17431922074185024, 0.12379827824841527, 0.1429543171050085, 0.14279807365770125, 0.1431851111497906, 0.17075952558218432, 0.1625802880003846, 0.1805482752699703, 0.14319026590271733, 0.14016052806161383, 0.16391762753140426, 0.1455596112687374, 0.11246972152719081, 0.12664207465125799, 0.12129652081907238, 0.11346891211519505, 0.13087531074590686, 0.1678830217947933, 0.12745846368959235, 0.13782731946982096, 0.10163756461999185, 0.13238057925428848, 0.15690669707713312, 0.15810889360464842, 0.15664892266119068, 0.15531425705270863, 0.1341971133040687, 0.12482284505537677, 0.18388775857987127, 0.14800369191594598, 0.16770683200508074, 0.1596846058506287, 0.1274072725762494, 0.19074370699046028, 0.11815966980593373, 0.14468103554038692, 0.14882254945867146, 0.14453782800971737, 0.11720450900176616, 0.11432420093794349, 0.11981368438587481, 0.1444028298155331, 0.16334591112445196, 0.12660715930118727, 0.15457334210314855, 0.180087700237209, 0.1371765859106091, 0.12902006413183642, 0.13222968423296777, 0.16954264767908, 0.138371609863853, 0.10123642217276085, 0.09788777371359458, 0.1295742443476371, 0.11382571023182209, 0.13009664273926091, 0.12653890428939008, 0.13964006848952693, 0.1095957308992439, 0.12209637797553796, 0.15942894238527572, 0.14102523153677282, 0.18620308162628874, 0.13925504453025894, 0.15613523556855569, 0.14803733777050354, 0.12842763377632593, 0.16952294290507552, 0.13003034732692242, 0.11958136800184604, 0.1183176442777949, 0.14560643411161323, 0.18552867705888332, 0.12915064243614438, 0.15354972587024918, 0.13848490719301765, 0.12305994497427264, 0.13171186985812255, 0.11800790045036536, 0.1621179300786082, 0.11657706030389647, 0.1675497423822776, 0.11705156545198747, 0.11481906548755205, 0.14002725247254943, 0.14512019110031815, 0.140980147404818, 0.1435780102847133, 0.1397890181729622, 0.15103647889368688, 0.15674075495179807, 0.12451793259103283, 0.1496698113984678, 0.13425313873798927, 0.12994101130333036, 0.12493579379571429, 0.12492188681510186, 0.12783756435412386, 0.15498833315497507, 0.14178612215080477, 0.14564425984316642, 0.154683028275997, 0.14781694901992637, 0.17013159896724517, 0.1558121147812983, 0.14248972778410973, 0.1720360318594203, 0.14742985352626192, 0.12902649508353647, 0.12878412799119587, 0.14293901366346518, 0.12628157952993035, 0.10410671432136098, 0.13297593435552812, 0.13288002856512549, 0.11377716887626832, 0.17218232451406834, 0.1665426093848339, 0.12895819697054378, 0.1301251340042029, 0.14069808640273607, 0.1457424512124561, 0.14655786656621217, 0.1332759954674856, 0.1263788944730635, 0.15822529868454183, 0.13373736260898283, 0.16379631967230068, 0.13000591594317257, 0.15630238835647958, 0.11839882394238543, 0.1538021928601978, 0.11464959698945165, 0.15723694053933457, 0.12049664203041743, 0.18041626260088606, 0.1624223490086223, 0.14597889509116158, 0.14596072932933168, 0.11389444059987852, 0.14623635951777203, 0.1413755818653044, 0.11167709473053833, 0.17196881402809083, 0.14461533060072895, 0.13373305550383918, 0.08579908650577295, 0.15285866648011392, 0.12630476469406915, 0.13137538911225022, 0.11817985237445328, 0.1495940916303624, 0.14497484604066813, 0.12822306759923663, 0.1436500844372688, 0.15256538356979377, 0.11523316333602907, 0.1306983582995258, 0.12857930720819866, 0.13514765879673973, 0.14126753483796506, 0.175057266965311, 0.16297817917460122, 0.12952212062295132, 0.1340157331275691, 0.12805114940408657, 0.17037825266376672, 0.1376001956206494, 0.14796186057419902, 0.1085615177901218, 0.13920176738881196, 0.1265773860822179, 0.15895369874918686, 0.14411720274517847, 0.19822448097598055, 0.16545731025280475, 0.1060647204152474, 0.12204602105745721, 0.14474404605915936, 0.14261298351894425, 0.10867872721453864, 0.13304645908942803, 0.1395432232749556, 0.12478753671726395, 0.11332825155353987, 0.14525976607558277, 0.1371483079829261, 0.13058480407354978, 0.14581444330534055, 0.10789512512761235, 0.15986462808361068, 0.13540012245789512, 0.11556733530797203, 0.14747679961253368, 0.15643635427481684, 0.16109786792040381, 0.1602432138563472, 0.11667225643554957, 0.13554824070146765, 0.10672120914871641, 0.12066166620847696, 0.15500188074200594, 0.14694328384932476, 0.14925098133355164, 0.12942783341419783, 0.12573820509246048, 0.16362546677291334, 0.11361334440265125, 0.12478334413464154, 0.13338847977387047, 0.16713671051108747, 0.1513373733341581, 0.13084332428080359, 0.13553408112076681, 0.16551923545532077, 0.1701226522268655, 0.13013652069417958, 0.14631084903517433, 0.1353873095036704, 0.12122230910549092, 0.11488895921081621, 0.16163143694279825, 0.13923531198017258, 0.1237455907692464, 0.16198359601587242, 0.13261702713508328, 0.13753529822204769, 0.15338339122637024, 0.15208912885213977, 0.12983769975723192, 0.13914572947224713, 0.13235455881022062, 0.14940327206042525, 0.15258054081569128, 0.08928841192093273, 0.1085626166227911, 0.11560748200886906, 0.15385440779920145, 0.10306783916470863, 0.14341250846821652, 0.13412423543233842, 0.15221703434357892, 0.15426102119226925, 0.1233584428729273, 0.14286785241667133, 0.16385217582488565, 0.13866968650873446, 0.14197287308098794, 0.13901190266641095, 0.1196608705373734, 0.12241206683910377, 0.14495404564398484, 0.14383495122308432, 0.1550781856523713, 0.19100476776883113, 0.167227658648045, 0.15738328725490192, 0.12513598181790542, 0.16465184097336305, 0.11019136068316016, 0.15189132098905134, 0.13830067650884814, 0.15768181999963815, 0.18852553477907463, 0.14687595203483284, 0.16547065213623569, 0.1524745122529083, 0.14211823507989152, 0.17822307152803774, 0.13747313187322163, 0.15315078957145545, 0.15287663996411993, 0.13829121445033365, 0.1345848648018091, 0.18425388688693545, 0.17355771433820166, 0.13854655818553852, 0.16993068172463666, 0.11829950648356657, 0.13601112655094028, 0.13967727524106976, 0.13118501871043975, 0.10026296449218819, 0.126649674839598, 0.18120829660138327, 0.21830581113023584, 0.12751941511193365, 0.1728547326643337, 0.16869239473254538, 0.175850901326001, 0.13934885461468127, 0.14701206191904248, 0.11835537438197719, 0.17472596776981675, 0.17125372291258145, 0.17642439565679524, 0.16742792787570693, 0.12922970039622328, 0.1722336031353393, 0.011228206175545097, 0.13894048978633577, 0.13727618037901834, 0.13998542589007457, 0.1073153419681745, 0.13152823139593295, 0.10343123474335414, 0.13833741853400738, 0.1373558274022031, 0.14885513649149118, 0.17857245534271726, 0.1331961863669875, 0.11038038418269025, 0.1949722942001273, 0.1362362164379931, 0.12090796872557519, 0.13387120122109764, 0.12583304363835168, 0.1311016528376996, 0.15341868416621196, 0.10757559639453973, 0.15261969664807395, 0.1765937058142839, 0.16025977819221282, 0.12917311642148377, 0.1530884942363855, 0.15839441167784685, 0.10011557791639802, 0.13620401162219764, 0.17031377485139387], {14: Parameter containing:
tensor([1.1362], requires_grad=True)}, {14: Parameter containing:
tensor([13.1237], requires_grad=True)}, 0.00026731943139156203, 0.012039646056999703]