[[990, 797, 452, 120, 8, 93, 933, 966, 962, 827, 597, 36, 688, 710, 86, 101, 785, 364, 243, 18, 32, 808, 17, 355, 664, 639, 496, 631, 475, 153, 94, 188, 731, 118, 866, 15, 516, 499, 902, 256, 67, 684, 555, 935, 478, 71, 616, 692, 92, 528, 593, 48, 277, 845, 570, 65, 661, 310, 493, 871, 983, 273, 961, 672, 205, 465, 898, 543, 682, 20, 521, 73, 6, 342, 148, 728, 485, 674, 387, 172, 56, 79, 602, 509, 168, 78, 571, 221, 926, 28, 977, 790, 114, 994, 145, 687, 313, 466, 41, 427, 284, 679, 826, 42, 182, 279, 159, 308, 868, 894, 798, 854, 476, 43, 577, 396, 783, 358, 508, 350, 1000, 837, 480, 488, 47, 802, 483, 879, 610, 175, 451, 752, 800, 532, 835, 449, 303, 282, 127, 999, 191, 901, 447, 788, 123, 907, 106, 850, 497, 386, 838, 873, 673, 262, 657, 197, 354, 111, 720, 717, 830, 161, 595, 276, 891, 738, 332, 813, 806, 458, 993, 929, 81, 405, 220, 49, 294, 823, 39, 225, 519, 90, 812, 841, 325, 904, 472, 68, 600, 264, 75, 706, 437, 207, 104, 407, 200, 722, 471, 513, 242, 370, 211, 951, 842, 432, 179, 599, 209, 943, 62, 361, 548, 157, 512, 563, 484, 927, 143, 135, 50, 640, 170, 149, 560, 72, 968, 334, 176, 2, 685, 691, 63, 654, 819, 152, 223, 992, 444, 401, 755, 333, 213, 769, 391, 287, 551, 648, 312, 433, 327, 702, 592, 156, 546, 96, 267, 285, 421, 410, 579, 900, 539, 117, 719, 385, 281, 934, 305, 918, 408, 54, 883, 998, 239, 503, 778, 390, 316, 3, 76, 492, 991, 306, 440, 700, 736, 860, 411, 644, 490, 839, 289, 606, 379, 671, 615, 910, 212, 174, 867, 582, 469, 770, 486, 676, 29, 878, 677, 107, 911, 376, 877, 960, 144, 603, 340, 925, 297, 817, 598, 339, 886, 301, 678, 804, 522, 286, 810, 547, 617, 792, 348, 523, 343, 329, 470, 274, 87, 540, 604, 880, 562, 856, 252, 811, 381, 141, 30, 718, 822, 46, 214, 836, 321, 529, 940, 445, 861, 955, 815, 268, 498, 594, 821, 357, 517, 85, 19, 818, 959, 578, 236, 167, 987, 786, 686, 746, 70, 150, 545, 250, 169, 820, 518, 403, 335, 133, 576, 580, 857, 831, 897, 767, 641, 378, 419, 649, 829, 322, 234, 203, 703, 534, 389, 505, 729, 31, 459, 83, 953, 979, 349, 765, 638, 248, 950, 366, 607, 425, 794, 77, 632, 218, 202, 561, 906, 514, 136, 261, 51, 693, 371, 699, 296, 805, 418, 377, 240, 293, 9, 646, 939, 124, 37, 224, 705, 809, 754, 189, 330, 300, 372, 280, 181, 468, 701, 4, 660, 245, 947, 455, 554, 611, 363, 420, 586, 942, 714, 527, 456, 382, 889, 412, 131, 109, 481, 500, 100, 572, 263, 541, 774, 344, 402, 590, 711, 416, 193, 311, 982, 346, 477, 917, 888, 726, 164, 924, 227, 875, 269, 920, 948, 801, 238, 44, 650, 102, 91, 869, 460, 921, 89, 194, 140, 356, 972, 103, 930, 16, 828, 899, 162, 309, 52, 24, 694, 414, 668, 134, 695, 166, 941, 158, 304, 764, 583, 566, 588, 986, 625, 793, 5, 777, 681, 732, 146, 581, 789, 163, 439, 779, 128, 80, 431, 716, 923, 865, 232, 511, 228, 753, 257, 173, 975, 138, 415, 957, 201, 613, 352, 295, 253, 956, 862, 147, 569, 84, 890, 424, 981, 997, 463, 538, 896, 601, 895, 642, 913, 643, 13, 863, 208, 400, 989, 368, 651, 33, 556, 126, 283, 872, 573, 932, 26, 533, 23, 82, 537, 132, 351, 504, 629, 165, 187, 204, 467, 557, 833, 931, 743, 434, 116, 443, 721, 689, 630, 587, 417, 963, 807, 759, 142, 697, 453, 882, 367, 129, 457, 507, 353, 658, 510, 231, 230, 139, 290, 55, 487, 944, 768, 399, 740, 847, 535, 320, 996, 635, 988, 843, 369, 985, 737, 589, 171, 359, 473, 219, 620, 762, 713, 328, 624, 244, 984, 803, 302, 130, 745, 426, 741, 237, 394, 954, 210, 696, 409, 495, 775, 491, 530, 816, 773, 945, 848, 97, 976, 974, 669, 341, 637, 763, 870, 622, 574, 558, 712, 652, 846, 585, 750, 742, 730, 110, 744, 441, 199, 757, 61, 667, 780, 40, 675, 406, 360, 222, 183, 121, 553, 799, 849, 292, 501, 623, 59, 634, 840, 27, 663, 154, 855, 834, 844, 99, 946, 95, 198, 605, 922, 853, 192, 542, 374, 905, 814, 278, 113, 614, 233, 254, 336, 246, 887, 404, 185, 474, 314, 60, 324, 184, 7, 345, 298, 272, 526, 413, 12, 909, 383, 544, 315, 429, 619, 45, 326, 259, 494, 375, 964, 915, 824, 506, 567, 958, 655, 734, 771, 559, 307, 57], [331, 196, 464, 249, 195, 122, 680, 155, 520, 916, 266, 723, 442, 338, 881, 704, 747, 14, 438, 995, 74, 796, 626, 733, 715, 271, 707, 393, 825, 251, 659, 489, 893, 69, 137, 531, 892, 782, 859, 461, 34, 636, 967, 502, 448, 35, 398, 858, 323, 288, 653, 937, 612, 112, 874, 760, 436, 462, 525, 772, 317, 749, 1, 596, 178, 98, 665, 115, 739, 776, 10, 186, 226, 395, 928, 758, 217, 255, 216, 724, 299, 337, 725, 515, 564, 708, 397, 787, 241, 864, 565, 11, 621, 291, 64, 388, 575, 761, 748, 215, 108, 22, 365, 795, 58, 479, 952, 766, 38, 552, 88, 683, 735, 392, 885, 978, 66, 435, 645, 965, 177, 914, 584, 851, 319, 550, 784, 422, 247, 524, 912, 970, 119, 568, 980, 151, 125, 229, 235, 903, 781, 591, 450, 160, 609, 973, 666, 258, 756, 423, 670, 709, 971, 53, 430, 949, 180, 791, 656, 919, 362, 190, 384, 318, 628, 938, 884, 608, 347, 698, 662, 647, 380, 751, 25, 21, 428, 270, 969, 549, 454, 727, 482, 852, 373, 275, 618, 206, 105, 908, 260, 876, 832, 690, 536, 446, 633, 627, 265, 936], [0.00026606071512393824, 0.0002918580946535258, 0.0002661677762347233, 0.0002698178744689934, 0.0002788185717936482, 0.0002759567511226676, 0.0002679258811654086, 0.0002644928122631572, 0.00026834425488171264, 0.00027219246240882937, 0.00027028058212220257, 0.00026599887844028827, 0.0002644603073262905, 0.0002663015339412824, 0.000268450991222094, 0.0002683800025791211, 0.0002663842632007335, 0.0002646030539493623, 0.0002646983421837883, 0.0002661268647924943, 0.00026684827647768686, 0.0002659801064066821, 0.00026468947074428267, 0.00026439018866199914, 0.0002650973415707948, 0.000265733673147469, 0.000265526479533662, 0.00026476031454109944, 0.0002642982992562113, 0.00026455590791879985, 0.00026504451784450245, 0.0002650562115865058, 0.00026459344309636074, 0.00026425364565100113, 0.00026437374436218553, 0.00026467012201855677, 0.00026470343053549314], {'Geodset': Geometry(Si64, Si64, ..., Si64, Si64, pbc=[True, True, True]), 'GeoSi64': Geometry(Si64, pbc=[True, True, True]), 'formation_energy': tensor([0.1009, 0.1555, 0.1285, 0.1556, 0.0544, 0.1464, 0.1060, 0.1357, 0.1237,
        0.1507, 0.1346, 0.1299, 0.1430, 0.1335, 0.1601, 0.1175, 0.1368, 0.1590,
        0.1576, 0.1345, 0.1441, 0.1277, 0.1466, 0.1145, 0.1443, 0.1413, 0.1338,
        0.1677, 0.1651, 0.1420, 0.1443, 0.1561, 0.1572, 0.1133, 0.1543, 0.1034,
        0.1103, 0.1451, 0.1607, 0.1406, 0.1533, 0.1273, 0.1198, 0.1203, 0.1430,
        0.1578, 0.1402, 0.1355, 0.1366, 0.1250, 0.1383, 0.1222, 0.1478, 0.1652,
        0.1499, 0.1742, 0.1401, 0.1550, 0.1464, 0.1201, 0.1233, 0.1265, 0.1209,
        0.1651, 0.1426, 0.1667, 0.1242, 0.1337, 0.1336, 0.0914, 0.1462, 0.1631,
        0.1612, 0.1530, 0.1216, 0.1431, 0.1480, 0.1457, 0.1410, 0.1167, 0.1227,
        0.1716, 0.1791, 0.1308, 0.1489, 0.1563, 0.1386, 0.1705, 0.1361, 0.1308,
        0.1420, 0.1530, 0.1841, 0.1571, 0.1079, 0.1307, 0.1310, 0.1576, 0.0902,
        0.1460, 0.1351, 0.1317, 0.1477, 0.1154, 0.1500, 0.1689, 0.1464, 0.1475,
        0.1752, 0.1692, 0.1716, 0.1495, 0.1668, 0.1499, 0.1658, 0.1415, 0.1262,
        0.1389, 0.1399, 0.1362, 0.1742, 0.1324, 0.1240, 0.1227, 0.1266, 0.1247,
        0.1532, 0.1132, 0.1486, 0.1492, 0.1413, 0.1421, 0.1579, 0.1419, 0.1454,
        0.1468, 0.1240, 0.1444, 0.1485, 0.1672, 0.1356, 0.1563, 0.1301, 0.1317,
        0.1202, 0.1202, 0.1661, 0.1077, 0.1392, 0.1289, 0.1452, 0.1365, 0.1534,
        0.1562, 0.1560, 0.1643, 0.1089, 0.1389, 0.1230, 0.1398, 0.1200, 0.1766,
        0.1570, 0.1321, 0.1754, 0.1383, 0.1275, 0.1407, 0.1600, 0.1534, 0.1635,
        0.1528, 0.1454, 0.1210, 0.1470, 0.1426, 0.1408, 0.1145, 0.1145, 0.1424,
        0.1434, 0.0988, 0.1411, 0.1698, 0.1503, 0.1213, 0.1393, 0.1249, 0.1469,
        0.1528, 0.1166, 0.1423, 0.1614, 0.1621, 0.1381, 0.1536, 0.1315, 0.1182,
        0.1368, 0.1499, 0.1631, 0.1248, 0.1128, 0.1648, 0.1517, 0.0857, 0.1241,
        0.1308, 0.1355, 0.1534, 0.0811, 0.1313, 0.1401, 0.1368, 0.1502, 0.1312,
        0.1552, 0.1323, 0.1399, 0.1346, 0.1723, 0.1421, 0.1415, 0.1298, 0.1411,
        0.1715, 0.1248, 0.1558, 0.1583, 0.1406, 0.1228, 0.1475, 0.1000, 0.1193,
        0.1439, 0.1382, 0.1894, 0.1486, 0.1458, 0.1487, 0.1241, 0.1423, 0.1420,
        0.1436, 0.1541, 0.1493, 0.1015, 0.1516, 0.1339, 0.1000, 0.1328, 0.1395,
        0.1241, 0.1457, 0.1606, 0.1284, 0.1380, 0.1352, 0.1456, 0.1484, 0.1475,
        0.1379, 0.1604, 0.1034, 0.1338, 0.1196, 0.1550, 0.1059, 0.1091, 0.1437,
        0.1626, 0.0804, 0.1354, 0.1460, 0.1488, 0.1419, 0.1354, 0.1543, 0.1649,
        0.1996, 0.1128, 0.1511, 0.1215, 0.1163, 0.1369, 0.1305, 0.1389, 0.1687,
        0.1373, 0.1224, 0.1341, 0.1651, 0.1578, 0.1255, 0.1347, 0.1751, 0.1338,
        0.1441, 0.1223, 0.1310, 0.1724, 0.1281, 0.1359, 0.1550, 0.1369, 0.1449,
        0.1577, 0.1135, 0.1433, 0.1501, 0.1261, 0.1157, 0.1282, 0.1298, 0.1195,
        0.1758, 0.1421, 0.1534, 0.1288, 0.1160, 0.1260, 0.1359, 0.1383, 0.1454,
        0.1376, 0.1417, 0.1314, 0.1399, 0.1110, 0.1569, 0.1384, 0.1550, 0.1331,
        0.1173, 0.1535, 0.1095, 0.1362, 0.1198, 0.1412, 0.1525, 0.1562, 0.1257,
        0.1448, 0.1265, 0.1321, 0.1266, 0.1619, 0.1755, 0.1774, 0.1404, 0.1249,
        0.1492, 0.1598, 0.1337, 0.1185, 0.1309, 0.1081, 0.1342, 0.1679, 0.1231,
        0.1104, 0.1551, 0.1434, 0.1522, 0.1376, 0.1322, 0.1118, 0.1595, 0.1083,
        0.1321, 0.1465, 0.1573, 0.1348, 0.1374, 0.1425, 0.1339, 0.1232, 0.1127,
        0.1321, 0.1348, 0.1532, 0.1181, 0.1501, 0.1455, 0.1260, 0.1265, 0.1610,
        0.1281, 0.1674, 0.1413, 0.1131, 0.1326, 0.1417, 0.1480, 0.1407, 0.1172,
        0.1411, 0.1555, 0.1220, 0.1230, 0.1347, 0.1135, 0.1535, 0.1361, 0.1536,
        0.1534, 0.1500, 0.1731, 0.1510, 0.1269, 0.1287, 0.1600, 0.1378, 0.1574,
        0.1415, 0.1308, 0.1639, 0.1560, 0.1311, 0.1119, 0.1283, 0.1304, 0.1696,
        0.1295, 0.1125, 0.1498, 0.1038, 0.1384, 0.1329, 0.1376, 0.1838, 0.1340,
        0.1368, 0.1441, 0.1353, 0.1558, 0.1393, 0.1105, 0.1547, 0.1349, 0.0914,
        0.1349, 0.1152, 0.1131, 0.1484, 0.1703, 0.1571, 0.1105, 0.1275, 0.1560,
        0.1091, 0.1451, 0.1466, 0.1654, 0.1373, 0.1381, 0.1291, 0.1502, 0.1306,
        0.1413, 0.1335, 0.1313, 0.1362, 0.1400, 0.1445, 0.1445, 0.1179, 0.1364,
        0.1234, 0.1191, 0.1419, 0.1540, 0.1761, 0.1334, 0.1290, 0.1019, 0.1299,
        0.1450, 0.1265, 0.1364, 0.1621, 0.1410, 0.1617, 0.1490, 0.1409, 0.1173,
        0.1357, 0.1424, 0.1181, 0.1449, 0.1150, 0.1335, 0.1583, 0.1626, 0.1677,
        0.1412, 0.1247, 0.1721, 0.1117, 0.1590, 0.1687, 0.1322, 0.1377, 0.1372,
        0.1441, 0.1722, 0.1527, 0.1115, 0.1169, 0.1609, 0.1476, 0.1491, 0.0967,
        0.1290, 0.1752, 0.1229, 0.1691, 0.1181, 0.1535, 0.1338, 0.1372, 0.1224,
        0.1695, 0.1566, 0.1605, 0.1777, 0.1486, 0.1416, 0.1547, 0.1330, 0.1692,
        0.1220, 0.1166, 0.1347, 0.1127, 0.1519, 0.1163, 0.1457, 0.1279, 0.1585,
        0.1490, 0.1423, 0.1543, 0.1412, 0.1318, 0.1587, 0.1068, 0.1367, 0.1414,
        0.1476, 0.1340, 0.1272, 0.1511, 0.1660, 0.0941, 0.1344, 0.1788, 0.1318,
        0.1413, 0.1413, 0.1144, 0.1360, 0.1240, 0.1172, 0.1110, 0.1457, 0.1438,
        0.1576, 0.1197, 0.1229, 0.1136, 0.1414, 0.1445, 0.1414, 0.1484, 0.1128,
        0.1650, 0.1429, 0.1785, 0.1125, 0.1230, 0.1256, 0.1605, 0.1579, 0.1607,
        0.1664, 0.1697, 0.1345, 0.1152, 0.1265, 0.0639, 0.1267, 0.1532, 0.1434,
        0.0999, 0.1232, 0.1400, 0.1082, 0.1014, 0.1368, 0.1379, 0.1204, 0.1421,
        0.1211, 0.1304, 0.1407, 0.1695, 0.1274, 0.1459, 0.1255, 0.1258, 0.1462,
        0.1428, 0.1149, 0.1543, 0.1249, 0.1457, 0.0945, 0.1596, 0.1408, 0.1340,
        0.1296, 0.1195, 0.1559, 0.1159, 0.1537, 0.1565, 0.1262, 0.1400, 0.1343,
        0.1491, 0.1462, 0.1618, 0.1777, 0.1207, 0.1425, 0.1380, 0.1460, 0.1503,
        0.1519, 0.1077, 0.1445, 0.1319, 0.1396, 0.1330, 0.1624, 0.1481, 0.0847,
        0.1275, 0.1569, 0.1416, 0.1297, 0.1321, 0.1544, 0.1317, 0.1235, 0.1219,
        0.1429, 0.1179, 0.1429, 0.1187, 0.1574, 0.1380, 0.1231, 0.1277, 0.1398,
        0.1459, 0.1311, 0.1189, 0.1341, 0.1241, 0.1184, 0.1574, 0.1481, 0.1417,
        0.1277, 0.1370, 0.1372, 0.1175, 0.1264, 0.1317, 0.1393, 0.1605, 0.1171,
        0.1187, 0.1809, 0.1596, 0.1318, 0.1514, 0.1457, 0.1362, 0.1061, 0.1719,
        0.1488, 0.1366, 0.1264, 0.1190, 0.1249, 0.1679, 0.1486, 0.1421, 0.1426,
        0.1375, 0.1486, 0.1517, 0.1031, 0.1301, 0.1219, 0.1666, 0.1095, 0.1426,
        0.1341, 0.1552, 0.1083, 0.1274, 0.1480, 0.1451, 0.1443, 0.0990, 0.1449,
        0.1199, 0.0907, 0.1439, 0.1364, 0.1356, 0.1887, 0.1572, 0.1554, 0.1363,
        0.1726, 0.1196, 0.1315, 0.1436, 0.1588, 0.1804, 0.1500, 0.1769, 0.1181,
        0.1494, 0.1477, 0.1456, 0.1573, 0.1520, 0.1305, 0.1385, 0.1359, 0.1575,
        0.1344, 0.1691, 0.1354, 0.1217, 0.1334, 0.1409, 0.1038, 0.1263, 0.1622,
        0.1927, 0.1254, 0.1387, 0.1521, 0.1552, 0.1387, 0.1541, 0.1172, 0.1564,
        0.1560, 0.1395, 0.1416, 0.1450, 0.1584, 0.0164, 0.1410, 0.1294, 0.1400,
        0.1140, 0.1365, 0.0756, 0.1512, 0.1362, 0.1418, 0.1541, 0.1439, 0.1191,
        0.1705, 0.1457, 0.1060, 0.1370, 0.1281, 0.1437, 0.1591, 0.1154, 0.1572,
        0.1658, 0.1594, 0.1388, 0.1540, 0.1686, 0.1222, 0.1316, 0.1675]), 'elec_energy_defects': tensor([-88.1798, -88.1621, -88.1651, -88.1610, -88.2469, -88.1130, -88.1891,
        -88.1758, -88.1728, -88.1922, -88.1717, -88.1658, -88.1741, -88.1962,
        -88.1746, -88.1766, -88.1757, -88.1547, -88.1577, -88.1009, -88.1628,
        -88.1838, -88.1043, -88.1700, -88.1708, -88.1858, -88.1793, -88.1556,
        -88.1350, -88.1246, -88.1039, -88.1398, -88.1618, -88.1665, -88.1613,
        -88.1250, -88.1870, -88.1843, -88.1758, -88.1541, -88.1404, -88.1883,
        -88.1994, -88.1838, -88.1772, -88.1358, -88.1879, -88.1712, -88.1290,
        -88.1915, -88.1736, -88.1058, -88.1353, -88.1615, -88.1216, -88.1425,
        -88.1812, -88.1183, -88.1721, -88.1826, -88.1610, -88.1734, -88.1639,
        -88.1578, -88.1421, -88.1845, -88.1616, -88.1586, -88.1864, -88.1099,
        -88.1707, -88.1367, -89.4300, -88.1589, -88.1829, -88.1647, -88.1758,
        -88.1607, -88.1630, -88.1400, -88.1604, -88.1034, -88.1443, -88.1749,
        -88.1744, -88.1062, -88.1276, -88.1335, -88.1454, -88.1334, -88.1635,
        -88.1752, -88.1030, -88.1551, -88.1828, -88.1773, -88.1105, -88.1820,
        -88.1486, -88.1770, -88.1528, -88.1699, -88.1949, -88.1386, -88.1457,
        -88.1192, -88.1178, -88.1487, -88.1644, -88.1434, -88.1587, -88.1887,
        -88.1440, -88.1279, -88.1615, -88.1862, -88.1767, -88.1480, -88.1706,
        -88.1941, -88.1388, -88.1581, -88.1976, -88.1861, -88.1028, -88.1688,
        -88.1810, -88.1796, -88.1842, -88.1312, -88.1653, -88.1569, -88.1595,
        -88.1965, -88.1606, -88.1713, -88.1920, -88.1355, -88.1319, -88.1419,
        -88.1582, -88.1682, -88.1776, -88.1724, -88.1471, -88.1913, -88.1414,
        -88.1996, -88.1834, -88.1740, -88.1582, -88.1799, -88.1584, -88.1473,
        -88.1684, -88.1324, -88.1799, -88.1096, -88.1674, -88.1777, -88.1763,
        -88.1399, -88.1719, -88.1491, -88.1344, -88.1748, -88.1443, -88.1761,
        -88.1824, -88.1785, -88.1638, -88.1741, -88.1146, -88.1706, -88.1348,
        -88.1150, -88.1486, -88.1914, -88.1609, -88.1621, -88.1689, -88.1675,
        -88.1775, -88.1633, -88.1799, -88.1932, -88.1522, -88.1393, -88.1543,
        -88.1350, -88.1311, -88.1593, -88.1737, -88.1379, -88.1495, -88.1495,
        -88.1449, -88.1629, -88.1632, -88.1929, -88.1512, -88.1980, -88.1576,
        -88.1713, -88.1633, -88.1965, -88.1462, -88.1621, -88.1515, -88.1711,
        -88.1397, -88.1443, -88.1588, -88.1117, -88.1894, -88.1833, -88.1762,
        -88.1545, -88.1518, -88.1427, -88.1305, -88.1856, -88.1554, -88.1717,
        -88.2072, -88.1362, -88.1584, -88.1263, -88.1328, -86.5279, -88.1854,
        -88.1709, -88.1428, -88.1890, -88.1807, -88.1331, -88.1381, -88.1731,
        -88.1750, -88.2014, -88.1708, -88.1330, -88.1423, -88.1652, -88.1366,
        -88.1504, -88.1818, -88.1598, -88.1082, -88.1946, -88.1795, -88.1554,
        -88.1770, -88.1127, -88.1482, -88.1122, -88.1290, -88.1563, -88.1831,
        -88.1435, -88.1671, -88.1636, -88.1629, -88.1579, -88.1697, -88.1787,
        -88.1262, -88.1870, -88.1913, -88.1602, -88.1424, -88.1846, -88.1771,
        -88.1437, -88.1369, -88.1647, -88.1804, -88.1342, -88.1349, -89.6468,
        -88.1231, -88.1746, -88.1794, -88.1818, -88.1696, -88.1604, -88.1683,
        -88.1674, -88.1525, -88.1788, -88.1833, -88.1597, -88.1402, -88.1769,
        -88.1633, -88.1598, -88.1788, -88.1755, -88.1521, -88.1321, -88.1607,
        -88.1937, -88.1763, -88.1644, -88.1790, -88.1645, -88.1377, -88.1778,
        -88.1652, -88.1425, -88.1744, -88.1758, -88.1749, -88.1565, -88.1693,
        -88.1465, -88.1528, -88.1394, -88.1596, -88.1794, -88.1684, -88.1485,
        -88.1749, -88.1800, -88.1666, -88.1781, -88.1765, -88.1551, -88.1821,
        -88.1517, -88.1959, -88.1816, -88.1830, -88.1835, -88.1619, -88.1774,
        -88.1715, -88.1715, -88.1820, -88.1650, -88.1542, -88.1797, -88.1928,
        -88.1733, -88.1354, -88.1797, -88.1584, -88.1181, -88.1454, -88.1730,
        -88.1878, -88.1048, -88.1319, -88.1591, -88.1993, -88.1908, -88.1713,
        -88.1771, -88.1708, -88.1610, -88.1769, -88.1303, -88.1854, -88.1719,
        -88.1845, -88.1533, -88.1802, -88.1646, -88.1031, -88.1800, -88.1524,
        -88.1622, -88.1238, -88.1825, -88.1540, -88.1746, -88.1813, -88.1896,
        -88.1364, -88.1580, -88.1489, -88.1489, -88.1649, -88.1821, -88.1735,
        -88.1897, -88.1253, -88.1537, -88.1629, -88.1757, -88.1679, -88.1713,
        -88.1606, -88.1664, -88.1854, -88.1688, -88.1758, -88.1628, -88.1820,
        -88.1983, -88.1171, -88.1563, -88.1529, -88.1901, -88.1389, -88.1618,
        -88.1656, -88.1545, -88.1794, -88.1400, -88.1667, -88.1683, -88.1890,
        -88.1684, -88.1857, -88.1625, -88.1736, -88.1714, -88.1859, -88.1823,
        -88.1792, -88.1137, -88.1555, -88.1303, -88.1577, -88.2008, -88.1967,
        -88.1939, -88.1300, -88.1564, -88.1500, -88.1709, -88.1943, -88.1613,
        -88.1556, -88.1809, -88.1763, -88.1733, -88.1405, -88.1453, -88.2298,
        -88.1664, -88.1728, -88.1450, -88.1643, -88.1482, -88.1539, -88.1835,
        -88.1657, -88.1459, -88.1696, -88.1738, -88.1883, -88.1200, -88.1487,
        -88.1785, -88.1583, -89.4713, -88.1799, -88.1667, -88.1772, -88.1737,
        -88.1938, -88.1773, -88.1497, -88.1786, -88.1945, -88.1702, -88.1966,
        -88.1933, -88.1762, -88.1622, -88.1508, -88.1647, -88.1417, -88.1362,
        -88.1959, -88.1804, -88.1748, -88.1381, -88.1400, -88.1655, -88.1664,
        -88.1652, -88.1966, -88.1854, -88.2010, -88.1844, -88.1607, -88.1104,
        -88.1680, -88.1727, -88.1596, -88.1602, -88.1614, -88.1598, -88.1815,
        -88.1378, -88.1834, -88.1729, -88.1354, -88.1568, -88.1770, -88.1635,
        -88.1334, -88.1181, -88.1704, -88.1705, -88.1487, -88.1712, -88.1811,
        -88.1520, -88.1803, -88.1553, -88.1076, -88.1608, -88.1556, -88.1599,
        -88.1817, -88.1128, -88.1876, -88.1619, -88.1551, -88.1316, -88.1691,
        -88.1383, -88.1692, -88.1844, -88.1720, -88.1514, -88.1666, -88.1876,
        -88.1704, -88.1130, -88.1943, -88.1696, -88.1980, -88.1478, -88.1906,
        -88.1484, -88.1638, -88.1820, -89.4958, -88.1785, -88.1813, -88.1592,
        -88.1898, -88.1856, -88.1729, -88.1699, -88.1699, -88.1807, -88.1286,
        -88.1063, -88.1946, -88.1838, -88.1405, -88.1654, -88.1282, -88.1847,
        -88.1825, -88.1603, -88.1642, -88.1351, -88.1637, -88.1073, -88.1867,
        -88.1541, -88.1532, -88.1693, -88.1947, -88.1519, -88.1332, -88.1575,
        -88.1734, -88.1896, -88.1214, -88.1529, -88.1408, -88.1861, -88.1716,
        -88.1445, -88.1869, -88.1619, -88.1572, -88.1475, -88.1510, -88.1849,
        -88.1709, -88.1829, -88.1553, -88.1735, -88.1437, -88.2041, -88.1736,
        -88.1914, -88.1806, -88.1680, -88.2054, -88.1371, -88.1453, -88.1830,
        -88.1497, -88.1892, -88.1354, -88.1955, -88.1349, -88.1266, -88.1645,
        -88.1496, -88.1965, -88.1620, -88.1655, -88.1876, -88.1352, -88.1499,
        -88.1800, -88.2103, -88.1643, -88.1868, -88.1772, -88.1897, -88.1406,
        -88.1728, -88.1652, -88.1720, -88.1595, -88.1924, -88.1799, -88.1801,
        -88.1833, -88.1685, -88.1337, -88.1621, -88.1670, -88.1776, -88.1820,
        -88.1290, -88.1777, -88.1667, -88.1888, -88.1701, -88.1796, -88.1418,
        -88.1579, -88.1038, -88.1385, -88.1759, -88.1833, -88.1728, -88.1659,
        -88.2039, -88.1731, -88.1736, -88.1812, -88.1931, -88.1457, -88.1737,
        -88.1636, -88.1620, -88.1972, -88.1484, -88.1726, -88.1885, -88.1469,
        -88.1448, -88.1414, -88.1340, -88.1846, -88.1688, -88.2009, -88.1801,
        -88.1581, -88.1632, -88.1534, -88.1740, -88.1865, -88.1337, -88.1875,
        -88.1786, -88.1722, -88.1291, -88.1664, -88.1642, -88.1572, -88.1639,
        -88.1400, -88.1750, -88.1705, -88.1788, -88.1920, -88.1783, -88.1638,
        -88.1748, -88.1832, -88.1280, -88.1634, -88.1626, -88.1689, -88.1560,
        -88.1842, -88.1697, -88.1782, -88.1614, -88.1587, -88.2125, -88.2025,
        -88.1895, -88.1659, -88.1969, -88.1631, -88.1734, -88.1644, -88.1242,
        -88.1826, -88.1701, -88.1365, -88.1731, -88.1345, -88.1723, -88.1799,
        -88.1563, -88.1631, -88.1596, -88.1437, -88.1336, -88.1409, -88.1546,
        -88.1895, -88.1578, -88.1927, -88.1421, -88.1750, -88.1566, -88.1285,
        -88.1661, -88.1618, -88.1331, -88.1743, -88.1189, -88.1807, -88.1622,
        -88.1607, -88.1642, -88.1764, -88.1035, -88.1317, -88.1653, -88.1459,
        -88.1959, -88.1614, -88.1633, -88.1790, -88.1976, -88.1759, -88.1246,
        -88.0953, -88.1719, -88.1198, -88.1360, -88.1291, -88.1678, -88.1699,
        -88.1810, -88.1330, -88.1346, -88.1161, -88.1297, -88.1849, -88.1361,
        -88.2591, -88.1687, -88.1639, -88.1677, -88.1945, -88.1765, -88.1723,
        -88.1785, -88.1694, -88.1531, -88.1242, -88.1836, -88.1948, -88.1102,
        -88.1784, -88.1705, -88.1723, -88.1772, -88.1836, -88.1636, -88.1942,
        -88.1636, -88.1361, -88.1519, -88.1805, -88.1594, -88.1636, -88.2114,
        -88.1666, -88.1446]), 'elec_energy_Si64': -88.2635544138, 'alpha': {14: Parameter containing:
tensor([2.8648], requires_grad=True)}, 'Z': {14: Parameter containing:
tensor([12.5302], requires_grad=True)}, 'repulsive_feed': PairwiseRepulsiveEnergyFeed(
  (repulsive_feeds): ModuleDict(
    ((14, 14)): DFTBGammaRepulsive()
  )
)}, tensor([0.1158, 0.1612, 0.1672, 0.1228, 0.1473, 0.1390, 0.1298, 0.1504, 0.1518,
        0.1705, 0.1303, 0.1282, 0.1569, 0.1351, 0.1392, 0.1613, 0.1178, 0.0745,
        0.1444, 0.1370, 0.1390, 0.1351, 0.1395, 0.1590, 0.1279, 0.1568, 0.1263,
        0.1580, 0.1304, 0.1215, 0.1321, 0.1248, 0.1673, 0.1159, 0.1347, 0.1400,
        0.1699, 0.1195, 0.1484, 0.1477, 0.0904, 0.1416, 0.1260, 0.1418, 0.1378,
        0.1020, 0.1206, 0.1225, 0.1338, 0.1578, 0.1119, 0.1407, 0.1290, 0.1743,
        0.1540, 0.1363, 0.1694, 0.1526, 0.1103, 0.1754, 0.1651, 0.1380, 0.0000,
        0.1490, 0.1357, 0.1289, 0.1408, 0.1536, 0.1357, 0.1451, 0.1070, 0.1543,
        0.1205, 0.1559, 0.1419, 0.1510, 0.1407, 0.1511, 0.1563, 0.1383, 0.1373,
        0.1433, 0.1426, 0.1218, 0.1214, 0.1196, 0.1256, 0.1296, 0.1610, 0.1196,
        0.1266, 0.0971, 0.1315, 0.1365, 0.1412, 0.1498, 0.1615, 0.1311, 0.1286,
        0.1652, 0.1215, 0.1362, 0.1651, 0.1239, 0.1913, 0.1291, 0.1497, 0.1557,
        0.1413, 0.1194, 0.1144, 0.1320, 0.1452, 0.1550, 0.1276, 0.1605, 0.1774,
        0.1577, 0.1259, 0.1443, 0.1516, 0.1352, 0.1083, 0.1058, 0.1375, 0.0998,
        0.1336, 0.1394, 0.1365, 0.1103, 0.1123, 0.1552, 0.1373, 0.1730, 0.1426,
        0.1369, 0.1214, 0.1232, 0.1329, 0.1457, 0.1170, 0.1166, 0.1492, 0.1655,
        0.1497, 0.1502, 0.1409, 0.1095, 0.1314, 0.1255, 0.1767, 0.1248, 0.1701,
        0.1145, 0.1187, 0.1507, 0.1256, 0.1590, 0.1547, 0.1298, 0.1333, 0.1492,
        0.1216, 0.1541, 0.1339, 0.1305, 0.1272, 0.1424, 0.1303, 0.1629, 0.1493,
        0.1444, 0.1537, 0.1438, 0.1582, 0.1019, 0.1547, 0.1691, 0.1361, 0.1166,
        0.1225, 0.1398, 0.1424, 0.1165, 0.1482, 0.1216, 0.1289, 0.1578, 0.1596,
        0.1409, 0.1171, 0.1478, 0.1495, 0.1560, 0.1344, 0.1283, 0.1615, 0.1332,
        0.1375, 0.1364]), tensor([ 1.3176e-01,  1.6995e-01,  1.4382e-01,  1.3517e-01,  1.5707e-01,
         1.4915e-01,  1.2804e-01,  1.7720e-01,  1.4586e-01,  1.6026e-01,
         1.5613e-01,  1.3489e-01,  1.4632e-01,  1.5103e-01,  1.3118e-01,
         1.6177e-01,  1.1359e-01,  1.1923e-01,  1.3895e-01,  1.4922e-01,
         1.5937e-01,  1.3693e-01,  1.3793e-01,  1.5599e-01,  1.1711e-01,
         1.5486e-01,  1.3092e-01,  1.5676e-01,  1.1519e-01,  1.4434e-01,
         1.2885e-01,  1.1871e-01,  1.7413e-01,  1.4310e-01,  1.6773e-01,
         1.2262e-01,  1.7800e-01,  1.2087e-01,  1.4535e-01,  1.3374e-01,
         1.1088e-01,  1.3205e-01,  1.3061e-01,  1.3888e-01,  1.3272e-01,
         1.1775e-01,  1.0685e-01,  1.2987e-01,  1.1916e-01,  1.6481e-01,
         1.0628e-01,  1.3334e-01,  1.2895e-01,  2.0138e-01,  1.4073e-01,
         1.3585e-01,  1.4915e-01,  1.3557e-01,  1.0582e-01,  1.6254e-01,
         1.6518e-01,  1.3479e-01, -1.4211e-14,  1.4083e-01,  1.5257e-01,
         1.4609e-01,  1.3737e-01,  1.7663e-01,  1.3364e-01,  1.3767e-01,
         9.3580e-02,  1.7117e-01,  1.2180e-01,  1.4279e-01,  1.4157e-01,
         1.4270e-01,  1.6594e-01,  1.6084e-01,  1.7652e-01,  1.4168e-01,
         1.3816e-01,  1.6032e-01,  1.4431e-01,  1.1251e-01,  1.2513e-01,
         1.1977e-01,  1.1380e-01,  1.2910e-01,  1.6515e-01,  1.2514e-01,
         1.3584e-01,  1.0023e-01,  1.3075e-01,  1.5405e-01,  1.5464e-01,
         1.5440e-01,  1.5488e-01,  1.3303e-01,  1.2417e-01,  1.8058e-01,
         1.4382e-01,  1.6206e-01,  1.5799e-01,  1.2596e-01,  1.8939e-01,
         1.1814e-01,  1.4342e-01,  1.4848e-01,  1.4207e-01,  1.1602e-01,
         1.1328e-01,  1.1996e-01,  1.4383e-01,  1.6185e-01,  1.2574e-01,
         1.5254e-01,  1.7773e-01,  1.3879e-01,  1.2747e-01,  1.3223e-01,
         1.6536e-01,  1.3694e-01,  1.0117e-01,  9.7947e-02,  1.2943e-01,
         1.1087e-01,  1.2912e-01,  1.2683e-01,  1.3759e-01,  1.0857e-01,
         1.2006e-01,  1.5790e-01,  1.3933e-01,  1.8383e-01,  1.3847e-01,
         1.5225e-01,  1.4425e-01,  1.2701e-01,  1.6457e-01,  1.3066e-01,
         1.1855e-01,  1.1707e-01,  1.4422e-01,  1.8141e-01,  1.3076e-01,
         1.5156e-01,  1.3715e-01,  1.2042e-01,  1.3051e-01,  1.1791e-01,
         1.6284e-01,  1.1636e-01,  1.6639e-01,  1.1544e-01,  1.1375e-01,
         1.4017e-01,  1.4189e-01,  1.4167e-01,  1.4307e-01,  1.3764e-01,
         1.4809e-01,  1.5435e-01,  1.2308e-01,  1.4902e-01,  1.3311e-01,
         1.2904e-01,  1.2465e-01,  1.2589e-01,  1.2677e-01,  1.5496e-01,
         1.3961e-01,  1.4433e-01,  1.5293e-01,  1.4585e-01,  1.6774e-01,
         1.4822e-01,  1.4185e-01,  1.6966e-01,  1.4522e-01,  1.2577e-01,
         1.2696e-01,  1.4123e-01,  1.2673e-01,  1.0475e-01,  1.3391e-01,
         1.3026e-01,  1.1414e-01,  1.6842e-01,  1.6419e-01,  1.2891e-01,
         1.2763e-01,  1.4031e-01,  1.4473e-01,  1.4575e-01,  1.3237e-01,
         1.2523e-01,  1.5716e-01,  1.3250e-01,  1.5997e-01,  1.2902e-01],
       grad_fn=<SubBackward0>), [0.10087664888936487, 0.15554419254191032, 0.12853696437239392, 0.15558144018728726, 0.05440996432945333, 0.14638310483613814, 0.10602811959090097, 0.13567463463683715, 0.12368868846052194, 0.15074831969685398, 0.1345517946725554, 0.1298866211676959, 0.14295626192779842, 0.1335254911414001, 0.16006903507610915, 0.11746359249011995, 0.1368377503908338, 0.15900783034394905, 0.15757346157818652, 0.13454112524116546, 0.1440585942990147, 0.12770384542543134, 0.14664735195667689, 0.11453781008459885, 0.14427598125335983, 0.14125094590464649, 0.1338123266017579, 0.16770120020905033, 0.16508835520662224, 0.14197034957923726, 0.14433590874437208, 0.15610605443468017, 0.15715821883300407, 0.11330080209626914, 0.15432909707332243, 0.10342717842967453, 0.11032222450864282, 0.14511469785743536, 0.16067292092396102, 0.14058690141253116, 0.15330291260997697, 0.12729196928587072, 0.1198153860932738, 0.12028923151631687, 0.14296438279353296, 0.15777580299157634, 0.140178427892927, 0.1354574464963374, 0.1366136688120374, 0.12495926254689493, 0.13827840292359994, 0.1222495889542099, 0.14779428073569711, 0.16522963063492746, 0.1498713319787175, 0.17424831250317396, 0.14014356711618348, 0.15504162605177108, 0.14635857686697307, 0.12007127531493289, 0.1232583384355177, 0.12654252377345898, 0.12091810543487647, 0.16508261496213095, 0.1426098569148504, 0.16672912434867015, 0.124181793102073, 0.13365422292276286, 0.133595549318704, 0.09143872925686658, 0.146177435036428, 0.16313002155403034, 0.16115512470524962, 0.1530460351989813, 0.12162570596141542, 0.14313556923206328, 0.1479724701255094, 0.14574151234385013, 0.14103199048912707, 0.11669466726325517, 0.12268785662118731, 0.17161870907376908, 0.17914863574839401, 0.13081342516768935, 0.1488833124238873, 0.15634741848581868, 0.13858417678086177, 0.17045154391170314, 0.1361341831026639, 0.13075046107999455, 0.14201741186671413, 0.1530126407202843, 0.18411778864100192, 0.15706144463175065, 0.10787921650954502, 0.13070632183378983, 0.13100248868263087, 0.157605203072265, 0.09023509700507759, 0.14603308736459297, 0.13511064569316567, 0.13172202097985775, 0.14770576263769186, 0.11540051297279597, 0.15003099823899113, 0.1689084537392791, 0.14636121840842087, 0.14750213389546474, 0.1752417242863924, 0.1692180105720098, 0.17157528533691568, 0.1494810747317903, 0.16683622547761168, 0.14989194136740736, 0.16584848595263502, 0.14153891103923932, 0.12619292561170425, 0.1388937589706245, 0.13986056203792252, 0.13620296718088554, 0.17420934278445088, 0.1324107352935311, 0.12396054379371968, 0.12267980851911453, 0.12655227777917766, 0.12466409674965284, 0.1531823119841622, 0.1132098890447839, 0.14861138175457533, 0.14921945261550285, 0.14132028783761363, 0.14205633748624713, 0.15791308634075563, 0.14193718992872206, 0.14543416745296334, 0.14677741002116207, 0.12398816973094462, 0.1443795096129712, 0.1484601053650909, 0.167185478930703, 0.13557331050171229, 0.1563274404505215, 0.1300617563211457, 0.13165064423679063, 0.12016145558488667, 0.12017694248523192, 0.1660608411894664, 0.10773471632801268, 0.13919146892360423, 0.12889505824299263, 0.14516772786772414, 0.13649604267654958, 0.153411695020516, 0.15615963494984975, 0.1560032224747694, 0.1642702244716734, 0.10889572671320735, 0.13889286338958584, 0.12302772650175164, 0.13980533882794433, 0.12004305624360967, 0.176608585645468, 0.15702224706721601, 0.1320664437342387, 0.17536815849998355, 0.13825222013234928, 0.12751490943064603, 0.1407263926611293, 0.16002279891344706, 0.15336499949129845, 0.16346652887139967, 0.15282867580662796, 0.14542249329503854, 0.12098435821962639, 0.1470392985700517, 0.1426070169270517, 0.14077876779845688, 0.11451515633098275, 0.11454257242956523, 0.1423981797030578, 0.14335644700474504, 0.09881171757357698, 0.14106118011011048, 0.16981858751067946, 0.15031284167110215, 0.12133284067188832, 0.13928037031706353, 0.12488302239821714, 0.14689274630623927, 0.1527874463719403, 0.11664582704345605, 0.1423432560000748, 0.16142180049677357, 0.16211582288288184, 0.1380615583892837, 0.15364030668854944, 0.13148114459225724, 0.11824623587234306, 0.1368083101394557, 0.14992206846365974, 0.1631089156819634, 0.12484103262000623, 0.11276480474560202, 0.16481628121494651, 0.15165278157750528, 0.08568422051439484, 0.12411043951107992, 0.13078722951417632, 0.13551459684089195, 0.15344175486550604, 0.08106358057599117, 0.13129639655049452, 0.14008014660187662, 0.13684702114293223, 0.15019459300205718, 0.1311508820876064, 0.1551915294864905, 0.13231888770672562, 0.13992814698568523, 0.13457614550997832, 0.17231689148341545, 0.14206234489832603, 0.14147630011254897, 0.12976167860918686, 0.1410947594379124, 0.1715152053362079, 0.12475962845624444, 0.15575272621648573, 0.15829195386952932, 0.14055023063967909, 0.12283195733756358, 0.14745517781353534, 0.09997514312437872, 0.11929337480053626, 0.1438798746164487, 0.13822394703952057, 0.18938257147481785, 0.14858510966246463, 0.14576886560108626, 0.1487093547187932, 0.1241320742059262, 0.14231094636143915, 0.14198364879229075, 0.1436395042670462, 0.15407087316707546, 0.14927779768060034, 0.10154040195933334, 0.15163868233165445, 0.13391048625254598, 0.09999667198117024, 0.13277540913068897, 0.13950931897640118, 0.12409382220151421, 0.1457178314466141, 0.160624680085645, 0.12841947531188502, 0.13802635510883476, 0.1352432666555412, 0.145551069626757, 0.14836432192562654, 0.14747712781758615, 0.13786244540405512, 0.16041156818022273, 0.10340982466364323, 0.13376264702738716, 0.11964853938247799, 0.1550052247433431, 0.10586512457681074, 0.10909391104300425, 0.14366512258867203, 0.16262135173607284, 0.08039493837588374, 0.13542325823223145, 0.14600123011014077, 0.148805355714261, 0.14186289381931338, 0.1354017223930679, 0.15429419807727918, 0.16492243898872516, 0.1996231519384839, 0.11277445916064899, 0.15114403826089706, 0.12153304180461788, 0.11628812492065599, 0.13694224783013098, 0.13052480993754578, 0.13886578942721606, 0.16870608954130972, 0.13729486384641731, 0.12240898253449828, 0.1341304309598801, 0.16509141311791709, 0.15776968680149217, 0.12546336773125333, 0.13467900429689728, 0.17511934572825538, 0.13381312994199135, 0.14407963696224257, 0.12227118359229472, 0.13098889363751454, 0.1723992312849809, 0.12809690885077885, 0.1359197103697518, 0.1550063419228085, 0.13694565228755629, 0.14486678470917091, 0.15768697509676421, 0.11346594988579106, 0.14329850177230163, 0.15011786776229563, 0.12607713914740337, 0.11574494785445388, 0.12824906391661095, 0.12982397496165632, 0.11948406998548577, 0.1757766834686425, 0.14214431316421994, 0.1533642343703594, 0.12884580679825497, 0.11603420656527064, 0.12600121136798492, 0.13591411087517535, 0.1383423199212821, 0.14543032898601638, 0.13764259146755187, 0.14169109035962535, 0.13141973132605678, 0.13994622067098383, 0.11097210029868165, 0.15692622071471618, 0.13840595394916555, 0.1550335334830173, 0.13312056981150633, 0.1172796518310193, 0.1535382762314068, 0.10951366844270716, 0.1361733828721583, 0.11981105334790954, 0.14123388539822201, 0.15252785061340823, 0.15615022197786388, 0.12574530340416779, 0.1447857502436154, 0.12654202104269885, 0.1321391074386522, 0.12660625481955812, 0.16193410813036735, 0.17547759027108611, 0.1774152083294389, 0.1404019402246881, 0.1248709634748657, 0.14921038435218215, 0.15983350498024151, 0.1337350758466549, 0.1184736862617175, 0.13092715513979059, 0.10805796595906436, 0.1341571146444256, 0.16789951499895217, 0.12312336478138342, 0.11040723672108754, 0.15514573284575128, 0.14343751821962591, 0.15219190372323865, 0.13758934647371568, 0.13218652398961872, 0.11176152907618508, 0.1594922018760201, 0.10833881532194667, 0.1321249115420784, 0.1465332809508464, 0.15729307893172262, 0.1348125267202036, 0.13744282324186763, 0.14252229062435262, 0.1338530466908079, 0.12318798773359063, 0.11272890139052016, 0.13208999600883864, 0.13484047641897767, 0.15322181677304947, 0.11810261069222783, 0.1500847676456889, 0.14547406950204866, 0.12598608020110014, 0.12652029190208935, 0.16101919290435163, 0.12807877599906625, 0.16741119475195987, 0.1413183603355428, 0.11310366585720821, 0.13257668164587422, 0.14167210933350383, 0.14803262472734602, 0.14065500709822487, 0.11724487006532058, 0.14114949167691115, 0.1555023144816463, 0.12199719532829967, 0.12304012756131577, 0.134692718409827, 0.11354206876169748, 0.1535252338961275, 0.13605346027138054, 0.15361471225398304, 0.15338617040966795, 0.15002783853206658, 0.17309493017527267, 0.15102009785646864, 0.1268905608239077, 0.12868546435040784, 0.16000735096738694, 0.13776993963684525, 0.1573902930223916, 0.141521955635886, 0.13084987167779083, 0.16388673828779154, 0.15601520422453952, 0.1311204661416614, 0.11185638092027261, 0.12827957651327893, 0.13042656686579157, 0.16962271618336722, 0.12946045027587516, 0.11254299794999412, 0.14984969360893885, 0.10383444363148797, 0.13840154439771268, 0.13292691263099954, 0.13756751259752953, 0.18383858822030952, 0.1340283262691031, 0.1367673761693382, 0.1440741789525628, 0.13534742122364385, 0.15579578135761452, 0.13932789748349705, 0.110549969627602, 0.1547010880684887, 0.13493919061707516, 0.09135146982322873, 0.13486933125361666, 0.11523126469364264, 0.11311529407847587, 0.14843388986694173, 0.17028342604177205, 0.15707449321441302, 0.1105284293785207, 0.12753193576019584, 0.1559506646933002, 0.10907341851716446, 0.1451299469896501, 0.14655932703460905, 0.16542444468417195, 0.1373462489569377, 0.1380518069560175, 0.1290924381300762, 0.15024755842540927, 0.13055291067604458, 0.14133991748931507, 0.1334588583686358, 0.1313315219223785, 0.1361858816849253, 0.14001678745893997, 0.1444605205589582, 0.14446987656949162, 0.11793207140930306, 0.13641531947777352, 0.12344135521660071, 0.11914670530637572, 0.14192203377229973, 0.15399685818999842, 0.17610997558760744, 0.13335924123963672, 0.1289696020428508, 0.10187601369566401, 0.12985473120634516, 0.14498938376325476, 0.12645847733326399, 0.136432435843167, 0.16207918821624112, 0.1410405313996428, 0.16174249531478146, 0.14898081499675264, 0.14091304064296928, 0.11726119926018441, 0.1356692166839224, 0.14237679968103123, 0.11807263720815087, 0.14493229148263254, 0.1149859842669887, 0.13349493334306395, 0.1582674251653753, 0.16261610981242036, 0.16774326458839184, 0.14124169536467512, 0.1247157556426437, 0.17205551522010865, 0.11166860840910253, 0.1589919715404413, 0.16874676406119704, 0.13218578459320973, 0.13771798968920557, 0.13719969559064538, 0.14414147468314198, 0.1722350525751466, 0.1526937076648931, 0.11152400165452647, 0.11690255525219762, 0.1608900708451646, 0.14758650409721064, 0.14914186376661576, 0.09669996467838793, 0.12904477793108882, 0.1751887817394966, 0.12287375344683404, 0.16906240474460255, 0.11809104494481026, 0.1535375570471249, 0.1337571636606718, 0.13718157266124997, 0.1224169747775985, 0.1695261033116484, 0.15655787598752902, 0.16050237024874647, 0.17767649418940756, 0.1486017949582834, 0.14160407824893895, 0.15470546748549374, 0.13295105326228374, 0.1691859894155705, 0.12204539757982502, 0.1166048963807782, 0.13467804954944462, 0.11273545893998893, 0.15188794050519583, 0.11631247134815936, 0.14572581156243558, 0.12787670248825478, 0.15848850910176893, 0.14902109556387977, 0.1422933827567654, 0.15427607597474413, 0.14115098663943293, 0.1317523571797672, 0.15872161998960443, 0.10676579539714304, 0.13668999164669593, 0.1414070570352628, 0.14757910057828916, 0.13395730636197456, 0.12717169940397532, 0.15113060564779346, 0.1660105140919974, 0.09407490052555012, 0.13443432325172466, 0.1788206528043439, 0.13183309691574152, 0.14131540127993247, 0.1413335091421022, 0.11437928195090663, 0.1360370550054153, 0.12399412606146498, 0.11717731745696192, 0.11100106685126576, 0.1456655055533833, 0.14375284138886713, 0.1576193556046377, 0.11973854509313853, 0.12290602523366623, 0.1136366729153373, 0.1414322126828953, 0.1444508415218646, 0.14137691597426638, 0.14843256578877906, 0.11276501237928649, 0.16497671480111542, 0.14292051622731705, 0.17846008533670954, 0.11250983572702822, 0.12296367573652667, 0.12559350774673028, 0.16052552599813374, 0.1578638613555281, 0.1606842985148358, 0.1663863295893684, 0.16974559857474425, 0.1345411836725905, 0.11523587122147383, 0.12648019912401054, 0.0638969884093914, 0.12673274966953585, 0.15321628342725546, 0.1433773867698651, 0.09990554100619242, 0.1232217283909236, 0.13996907875084474, 0.10823425173386347, 0.10137673627007082, 0.13681116445949293, 0.13787944049667722, 0.12042179735470704, 0.14214346131487687, 0.12109290359702207, 0.13040485940728175, 0.14073734947223926, 0.16945892591389544, 0.1273962532115931, 0.14593145784258077, 0.12552048867634902, 0.12577322701092264, 0.1461874800967955, 0.14277187072197606, 0.11493920200936536, 0.15429535825345475, 0.12485275197959744, 0.14567022967905174, 0.09445065906146688, 0.15957720012372079, 0.14083479618613381, 0.13396141015904384, 0.12963374098072755, 0.11946785655099568, 0.1559425923366753, 0.11592183080577811, 0.15366416912744718, 0.1564767044469928, 0.12616167729356143, 0.14004080167254962, 0.13425999768589492, 0.14914315660785427, 0.14618286732158126, 0.16177885656644975, 0.17773093978367704, 0.12067065202066374, 0.14253425069202308, 0.13800187675125386, 0.14603559477100525, 0.1502914789212575, 0.15188631471507819, 0.1076669395487766, 0.14449598586209333, 0.13192858231818327, 0.1396477220775001, 0.13296669744973677, 0.16243104352150795, 0.1481360505563405, 0.08467854915651074, 0.12749454479245692, 0.15692228559704624, 0.14157231250030478, 0.1296829042270886, 0.13211698287530993, 0.15443400867750867, 0.13168797089321238, 0.12354273080078038, 0.12191004614263612, 0.1428638123870538, 0.11792974223711461, 0.1429250687336392, 0.1187346336604076, 0.15735533191999096, 0.1379550459845209, 0.12307365397008674, 0.12768957529522318, 0.13981843261227667, 0.14585118776297357, 0.1310739477441878, 0.11894658024475113, 0.13410928062113214, 0.12414382186249995, 0.11837073192655723, 0.15742220503333826, 0.14814797571215088, 0.14172766806481363, 0.12772488220876888, 0.1369611435978193, 0.1371865613820571, 0.1174792164654459, 0.12644235136216686, 0.13170590088865275, 0.13934643531276336, 0.16048904861860436, 0.11711362389517532, 0.1186543286689421, 0.18094555828278303, 0.15960500503015673, 0.1318425341422813, 0.15142136005611917, 0.1457446896904493, 0.13615294142787882, 0.10610636992763034, 0.17191103598569235, 0.1488411106020724, 0.13656922601641064, 0.12643426210085096, 0.1190369189042908, 0.12488936643411108, 0.1678576420835931, 0.148622767430302, 0.14214088004232295, 0.1425790444436945, 0.13749650371519984, 0.14864809763722242, 0.15170961330541743, 0.10312577222963348, 0.13014915540221672, 0.12193351499626992, 0.16658165555670124, 0.10948087555045127, 0.14259776565209314, 0.13409786995586437, 0.15515538101341342, 0.10826223413953784, 0.1273516751784527, 0.14802384898864673, 0.14508719613292698, 0.14428603256111394, 0.09899970690576154, 0.14489641715951507, 0.11986534937242865, 0.09066815472031564, 0.14390044946077651, 0.13635895630374684, 0.13559866312572133, 0.18869133064508326, 0.15721531001114641, 0.15542476495453528, 0.1362550531010278, 0.17262001718435194, 0.11956587471688529, 0.13153650303974906, 0.14363836209804148, 0.15875283670332863, 0.18041854687695036, 0.1500025645516132, 0.17688583504451927, 0.11810096101504897, 0.14940586135923972, 0.1476837729443723, 0.14563384711277827, 0.1572699783063225, 0.15197299093693672, 0.1305419615822938, 0.1384809732852812, 0.1358852082664157, 0.15748795398484816, 0.13441942176812027, 0.16912805043051016, 0.13539229582383072, 0.1216817586036445, 0.13338311396834612, 0.14088821059435652, 0.103776016247906, 0.12632352095131338, 0.16217617519608396, 0.19268562722341365, 0.12544821818970675, 0.1386609450173335, 0.1521059080988696, 0.1551758830940777, 0.1387461251741886, 0.15413001018011308, 0.11718301066231973, 0.15642630348338216, 0.15597035057146869, 0.13953820247551008, 0.1415617327372658, 0.14496051937379306, 0.15841731757529587, 0.016391826369584805, 0.14104680818427262, 0.1293726149803227, 0.140001043680817, 0.11401986877955395, 0.1365239541560257, 0.07560739403024641, 0.15120346706357424, 0.13618278004193485, 0.1417517142503364, 0.1541256943394398, 0.14394652098646432, 0.11911905842203652, 0.17050386686498875, 0.14567482591707126, 0.1060229790953855, 0.13698123886346103, 0.12805195229959843, 0.14371376803705083, 0.15913358285757262, 0.11544685717847258, 0.15720118099834401, 0.1657616469312675, 0.1594223950640945, 0.13877832382986632, 0.15402841814241341, 0.1685907363515433, 0.12219237025591134, 0.13157436145889534, 0.16748716993800983], [0.10950863841797798, 0.1523963565075661, 0.13310230350116115, 0.1523113360263295, 0.04059103884883086, 0.17705724363180764, 0.10578180879538479, 0.13089098857813042, 0.12625894902116386, 0.13033459814629111, 0.1328572091886855, 0.13435808000387794, 0.13573077772487352, 0.11671723994267325, 0.14467702580731157, 0.120498834380669, 0.13136611167735168, 0.15862318031267364, 0.15522431803827885, 0.1771574874757249, 0.1443712544565443, 0.12239719405872052, 0.1814148836979399, 0.12280122280445482, 0.13869927140531502, 0.12809255257050722, 0.12868371401822287, 0.16132953814418727, 0.17322693728290517, 0.16668802484237233, 0.18182028306814857, 0.1667446215283661, 0.1526162418052337, 0.12624782258382083, 0.15062055912505912, 0.14418151705345394, 0.10867946259855898, 0.13303002500293815, 0.1450426949573682, 0.14840782256926843, 0.1641755182021427, 0.1173755488435404, 0.1075844514575266, 0.11737712782804977, 0.13467031752199432, 0.16813467206162613, 0.12683203961351808, 0.13377077277114324, 0.16158311052944896, 0.11518845137331368, 0.13444782338456207, 0.16836245477654188, 0.16295189359996698, 0.15761898945370945, 0.17257834095973124, 0.1748642930193256, 0.1324985463363646, 0.17844626542891717, 0.1389586403768135, 0.11880883602786696, 0.13372394209415006, 0.12712622723233835, 0.12956918319957822, 0.15974465604725196, 0.15632093014367854, 0.14475437706298067, 0.13354199182418824, 0.14004607346399212, 0.12275604580045751, 0.14794734241991137, 0.14110469182426755, 0.17168875553430496, 0.3107268812179882, 0.1512935618707445, 0.11756900116597535, 0.14265413468767463, 0.13699048080185605, 0.14641942276657005, 0.1413256528449267, 0.14208012786096447, 0.13385174841801017, 0.19585455838310395, 0.17753387019259037, 0.1281059282951702, 0.13965824481194034, 0.18537578042295877, 0.16245576284451602, 0.17886511884019285, 0.15079209624144596, 0.15412515802825055, 0.14279934872581634, 0.14096970994111757, 0.20375604966085348, 0.15759802056537353, 0.11108924801597198, 0.12656952244374509, 0.16912098994592384, 0.1403623807073302, 0.1227057247195944, 0.13740144502057206, 0.14660563430967954, 0.13253955935191186, 0.12638656963910933, 0.14298341156550975, 0.15772033313635347, 0.18606368692258002, 0.17521738996762792, 0.15523800589372172, 0.16087360322488564, 0.17070463301719485, 0.16340600175502118, 0.13200519250065668, 0.16880596170786077, 0.16865766482267475, 0.15876825339999812, 0.12850706321110295, 0.12484030454798756, 0.15106434610268593, 0.13658742621048248, 0.12159925084208112, 0.17617221314054632, 0.14093650306806182, 0.11125628277933686, 0.11737016044334325, 0.1722224955436218, 0.12962347821294884, 0.13747299053426332, 0.11618902485676585, 0.13340275926934453, 0.1672842085939692, 0.1407386703678668, 0.14605643328133056, 0.15425322297275557, 0.1224011469309545, 0.14687680183271823, 0.14043809939958862, 0.11423678291123451, 0.16140822694299573, 0.16532608266683724, 0.17031625826604113, 0.14309855361821633, 0.14741743869284107, 0.12669015227793068, 0.13108314958392953, 0.1400191707257079, 0.1130759731328368, 0.16916695120895042, 0.10042423427630354, 0.13004828759383713, 0.12807263719322748, 0.14762250796630383, 0.12819329643892274, 0.15256844997901453, 0.1620817846886382, 0.1460726670808299, 0.17476909533112917, 0.11351994223331019, 0.17455905368744595, 0.1294544613879367, 0.13275189341034377, 0.12249577615463636, 0.17953711912760184, 0.1460358981862555, 0.14474440226385354, 0.1799080297248281, 0.13479121926422977, 0.14681387763120313, 0.1340232826667176, 0.1411672089267313, 0.13984729308542398, 0.155882163805785, 0.14170859967588, 0.1752352849933061, 0.12596044661913197, 0.16461608801134275, 0.17396689966747658, 0.1509838764247604, 0.10941073665632928, 0.1283017611984718, 0.14231931626049743, 0.13976600920061344, 0.11654117905473527, 0.13348654745472288, 0.15929809500252645, 0.1374410031571216, 0.11200971079834687, 0.1481599366418891, 0.14790329648140244, 0.15222456975594412, 0.16796767689341152, 0.14975369122564075, 0.1464251868635955, 0.14719021518213538, 0.17038426413479613, 0.14774759917919766, 0.15781998901130123, 0.14811146031269118, 0.1280034136580923, 0.1401331845199394, 0.12852641009220633, 0.1627905101612157, 0.11138609969491142, 0.12937087931310032, 0.15060552861108079, 0.1487338689900355, 0.08977961531526546, 0.1427670728265582, 0.13785140689655861, 0.14607337778058138, 0.1441206669198607, 0.12265691239656462, 0.14852004901872817, 0.14429110690007008, 0.1719232894913887, 0.13064338825411426, 0.1240747371520996, 0.141252300893143, 0.1426548543332018, 0.1487019098116349, 0.15132955010638227, 0.18098080102534198, 0.12917422986139115, 0.14622569891014336, 0.12978594200964721, 0.11481124486616068, 0.17616695734656673, 0.13506555840240253, 0.17468027878210535, 0.17182645407348218, 0.27237831888584196, 0.11665322936093503, 0.1409981831046565, 0.13119618136062172, 0.11251155651673628, 0.13236268992746147, 0.15989768078931377, 0.1862802657803826, 0.14105186874924414, 0.13711755432109385, 0.12387641634140323, 0.12817638703107548, 0.1625392878998042, 0.15629078958454556, 0.1424562337714832, 0.1662646258086795, 0.1560535523344555, 0.10778805580258677, 0.14892944901325222, 0.1722410937448018, 0.09889974022020454, 0.12833792188045834, 0.14572692565079137, 0.12429559136975854, 0.1761924347367625, 0.16108522645684786, 0.16800561579455575, 0.16086268928809488, 0.14450101825337924, 0.13240036722660875, 0.15855474324712304, 0.14268178785535213, 0.1396476877364563, 0.15466832042982048, 0.12604763512659645, 0.13487963245344758, 0.12029518477810086, 0.17327375353139018, 0.10690173050683427, 0.1063453658374982, 0.14488669500561002, 0.1672077642430878, 0.09477393693155989, 0.12920529470243025, 0.15695481294827118, 0.1634444546909748, 0.14142483997137845, 0.1276748778427219, 0.16747101501127304, 0.1736304650362115, 0.15659226352954647, 0.15198432858640842, 0.14077980652149336, 0.12136820316925423, 0.11647702743435673, 0.1359482088746944, 0.13705037231197537, 0.1371667687480027, 0.1559300359270992, 0.1466880770078376, 0.12178310168309281, 0.1258968549631163, 0.1579368226610285, 0.16739845421722066, 0.12411289237140011, 0.13902237798350825, 0.16445874131385096, 0.12759866547648357, 0.13607861550934786, 0.13855384770391765, 0.15578020671324566, 0.16120119657806242, 0.11561498234023304, 0.13089485604857032, 0.14920767057375883, 0.12887045018999288, 0.14331342982296746, 0.16566040094639334, 0.11778100393055979, 0.14220661924152012, 0.15960446324805844, 0.1267910494578075, 0.11946742564192903, 0.12811248660889873, 0.13853361609881176, 0.1262044695393456, 0.1742562483603649, 0.1491280397792849, 0.16455384614141622, 0.13717469341246158, 0.1182222869087326, 0.13049565495340687, 0.14811133628417394, 0.13373067229231594, 0.13548624007378862, 0.13809110713999928, 0.1331701223126771, 0.12900887819918694, 0.14770643769385572, 0.11318591531842515, 0.15751256933158686, 0.12161788671593854, 0.1375515328768131, 0.1252570366511776, 0.11654109507493615, 0.1497603144804458, 0.11587453876346387, 0.13450283717206446, 0.12404879880975272, 0.12942563349668035, 0.14847432670838145, 0.1570373069115618, 0.1230477404725292, 0.1260431813013554, 0.12786054896977816, 0.1548073247850823, 0.12369465138637281, 0.15820762534592347, 0.19038447712583206, 0.17181330561881225, 0.1366818762770805, 0.11751606222091482, 0.18299001989059605, 0.1731775178049162, 0.14126059904708654, 0.10649485016359961, 0.1194581503869756, 0.118471964801941, 0.12905849321033713, 0.15309763681131017, 0.1335656148283988, 0.11598565390369231, 0.17015127749151304, 0.13153941811782488, 0.14339065322680256, 0.12624891618344236, 0.14359159398252075, 0.11359927020814098, 0.1511118904829516, 0.16149288553202723, 0.12668321428121487, 0.15046995256372497, 0.15249862263385694, 0.16313530364951134, 0.12846443089442516, 0.1472407840930572, 0.1304460210164251, 0.11955426892868104, 0.10890745224608622, 0.15294298950992413, 0.14216021019839786, 0.15615762270434175, 0.1370989349751568, 0.14557729512245032, 0.13203462833971003, 0.12624588512036894, 0.11788316966217849, 0.17828595411219794, 0.1406169840449678, 0.15881902510952273, 0.1334387967378774, 0.1226442027186323, 0.13281818975733017, 0.1445500954791612, 0.1447673941923142, 0.12872215881408522, 0.12534327713869686, 0.13414926268487193, 0.1494275472780231, 0.11982146049054165, 0.10944585351627723, 0.16686697219485325, 0.1303873530359425, 0.15603052799455952, 0.12228861393474233, 0.1636268477541023, 0.1502626435806036, 0.14687332298829858, 0.16454016229671709, 0.1377823582339346, 0.14883922626981416, 0.1330830347139056, 0.15018841663241744, 0.12507719651215154, 0.14828068154159268, 0.12817376619528886, 0.13646513458020593, 0.14861699856535893, 0.146042688879092, 0.12199576977494075, 0.11303581416940744, 0.12451887733696765, 0.16678486467047549, 0.16357320494188343, 0.15680787426826726, 0.12932021074476552, 0.12385135877624975, 0.10072734219879464, 0.12112270917911871, 0.15835489583399465, 0.14501035316992272, 0.175353502584926, 0.13341521132319656, 0.12060193041219236, 0.14428592382115824, 0.1433789403839114, 0.13931526034041042, 0.13266229430271892, 0.11847897706925892, 0.1642705153915358, 0.14943345796515928, 0.07239534657782087, 0.13638495632507386, 0.12162322353766797, 0.13741330595377121, 0.14553854461354376, 0.16780392448482928, 0.15854070337420012, 0.11229955318495399, 0.13350936397080204, 0.16236870460686248, 0.12040687240856585, 0.13980346061050852, 0.12982939014062822, 0.1834551537282465, 0.14865809108238182, 0.13022533109069911, 0.13760348868757433, 0.2660734185685101, 0.1262542241008333, 0.1397176341673969, 0.13093504488644214, 0.1300748849171498, 0.12133397363896847, 0.13247871317459214, 0.15260935952419175, 0.13426338528924475, 0.10932718987906753, 0.1351925180147049, 0.11072259454110167, 0.11053335028360323, 0.13447932900348292, 0.15094638602612065, 0.1686554198067256, 0.13671210659930466, 0.14927633922683015, 0.13658196380977472, 0.11550810922797439, 0.13487828147763992, 0.1269873082186166, 0.15498213977798514, 0.170619114314988, 0.14118280142089645, 0.15391900444484463, 0.14503743489943588, 0.12237004107930716, 0.11434008270479978, 0.11497622768780502, 0.12845085685482616, 0.131640427692858, 0.17732284789867947, 0.12535700373109648, 0.13140555853068747, 0.15427040740067355, 0.1558043100649229, 0.15768323816062946, 0.14292844848203856, 0.12103163862779809, 0.1758069687690096, 0.11284784556298177, 0.14588889184335585, 0.17523442907764775, 0.14070678712501206, 0.13290337759899273, 0.13990562698396047, 0.1632348138958264, 0.18698187323468574, 0.1439645396412459, 0.12044946583179694, 0.1384224227306987, 0.14920309540393362, 0.13475326928401898, 0.15325235625812184, 0.10694822907757384, 0.1413972837650732, 0.1971571556365177, 0.13328750157597824, 0.1644572029107394, 0.13020494809524052, 0.1371920104377864, 0.1686952198633378, 0.12513889338795536, 0.13194589136404034, 0.16481442127758328, 0.17111762960573174, 0.14994723132113563, 0.17891480223076428, 0.14372919796797134, 0.12824359577773237, 0.1445126847352043, 0.1448716987253249, 0.15773017112532273, 0.11639433350950412, 0.12384303398458485, 0.17044246375488115, 0.10644609528077353, 0.14406199811048737, 0.10620989286016425, 0.15521252378917438, 0.11673488441368818, 0.15931556531161561, 0.14644515537342784, 0.13032552422492927, 0.2541912473231491, 0.13261346107266547, 0.12516192389927028, 0.15496049159956726, 0.10561381407458725, 0.12509811766661016, 0.1362991670810203, 0.1418077687640391, 0.13387550583439634, 0.12244313198689838, 0.16869770066155354, 0.19149477480624455, 0.0961170985462303, 0.12522621869898387, 0.1773999367888024, 0.1353688521159313, 0.1646025366012367, 0.12814337574067736, 0.11566262238797265, 0.14146815848221195, 0.13268578926312102, 0.1456649598105173, 0.1255786928093272, 0.18033044149021293, 0.12765819026058978, 0.15684467535260183, 0.1364093019096515, 0.1260467757745687, 0.10712819970387955, 0.14934246894266323, 0.16352845384061254, 0.14580681056180822, 0.13986093572481195, 0.10860256235086752, 0.1817211017823155, 0.14951264996393832, 0.17680007688714738, 0.11113729688096896, 0.12747744676774175, 0.14455526765688376, 0.13955278050895004, 0.153721687266696, 0.15754815051091953, 0.16774195762222632, 0.16627998540943167, 0.12541268199939282, 0.12341709902563025, 0.12171230286595858, 0.10367193852285084, 0.12717901731801362, 0.161316546528937, 0.11870149853427847, 0.11264276717240307, 0.11377092601274796, 0.1309571351023493, 0.12177797021689685, 0.09288453940963848, 0.15587065406197098, 0.15232366697709665, 0.11783816312936324, 0.1512839728306119, 0.11441359563742992, 0.1536523017398963, 0.12214302183360815, 0.1766801356291694, 0.15768200647710273, 0.1442688967390069, 0.14201404686758679, 0.11374140729304827, 0.1455770742176128, 0.14049188054960382, 0.11186292432742562, 0.16929919351694878, 0.14082910239126534, 0.13388866742124605, 0.08607370766755196, 0.15219787342172708, 0.12696115567442234, 0.12951673374006134, 0.11880076406737317, 0.14524198903265528, 0.14462591870518793, 0.12585098687330287, 0.14340947482773458, 0.15178793882992636, 0.11507066028391932, 0.13036918687691923, 0.12787336003857774, 0.13492817900782939, 0.14088908016886137, 0.1725345290690541, 0.16366291067853922, 0.12748379114687225, 0.1333715061358589, 0.12812502161528982, 0.16592404060953925, 0.13847704414484951, 0.1466026672746068, 0.1072111346052651, 0.13855464303414067, 0.12565992847285656, 0.15569463142891493, 0.14200235360334545, 0.192331610643393, 0.16209052645719169, 0.10286781660236954, 0.12144497617629213, 0.14461679470053923, 0.14125652361636298, 0.11029505269488027, 0.132074433759513, 0.14044659639034762, 0.12474149068300733, 0.11340358972060471, 0.1418387740713598, 0.1370417977995686, 0.12829820262960823, 0.14471632206050344, 0.10807469140218018, 0.1588876939356254, 0.1349535940246227, 0.11525617741619953, 0.14379052884811472, 0.153594547997443, 0.15831160598438032, 0.15578798190692567, 0.11588774308168581, 0.13434978691708466, 0.10830785856650493, 0.11946188533870838, 0.15423723571328196, 0.14587150531502857, 0.14778261254137703, 0.12815053265984488, 0.1255235091661433, 0.15861395643433696, 0.11290050524367246, 0.12427888757285643, 0.1319645627550159, 0.16298942275982142, 0.15152402488904215, 0.12837997386158406, 0.13285302206418237, 0.16551720064659037, 0.16697003422487455, 0.12913450639068458, 0.1449793069482581, 0.13532877425191714, 0.12198489378238264, 0.11303934294068085, 0.16087720765020208, 0.13913433889055682, 0.12448349846066264, 0.15685860232615312, 0.1297373043088328, 0.1349253046298884, 0.15445547062473963, 0.1506524494569419, 0.12968510876906691, 0.13860989327235984, 0.13190638322319614, 0.1472833086376113, 0.15146472424423507, 0.08985848542361907, 0.11070769099642064, 0.11483169322175968, 0.15371290860827003, 0.10296633107662956, 0.14203804565293865, 0.13227360676901867, 0.15052041437265018, 0.1479797007683743, 0.1219556497134704, 0.14197644438394263, 0.16086814721639087, 0.13791518817430415, 0.13634271243925866, 0.13864489700992522, 0.11892314168969165, 0.11798205226767777, 0.1435261349891448, 0.1416938455547978, 0.15172710854585603, 0.18926635783095946, 0.1650658586591618, 0.15575441674847923, 0.12430480982190772, 0.16400186437357434, 0.11025699554427604, 0.1493539343527317, 0.13693490908964634, 0.15600260119433074, 0.18629950278396734, 0.14629976998392635, 0.163917626012136, 0.1480275795439212, 0.14083205161806234, 0.17319476963783131, 0.1350935569129632, 0.1523629395077961, 0.15115991730370126, 0.13607738877337283, 0.13354579912032705, 0.1775352597007469, 0.1709658570300263, 0.13651257066554479, 0.1682545856851192, 0.11873392461774301, 0.1331784797486648, 0.1376863978438223, 0.13158726506799212, 0.09990204041726258, 0.12561702214873094, 0.17852678856668547, 0.21330668481665782, 0.12607845959676922, 0.16780717640524756, 0.16614724057042451, 0.17196822448535443, 0.1378378887168452, 0.14554678633533058, 0.11752775761627277, 0.17162663622539753, 0.1681929335290704, 0.17067020996201165, 0.16352943774892026, 0.13045577265134511, 0.16968229910465027, 0.011634039328839663, 0.13814692556898933, 0.1354904697167001, 0.13840010889759924, 0.10697043355010294, 0.13082322001245927, 0.09967564780943405, 0.1382106591118486, 0.13591505088412248, 0.14739863861747438, 0.17411804864883607, 0.13250449883894078, 0.11034267714644841, 0.19100241700137133, 0.13629303817717187, 0.11809042078597543, 0.13318587397220938, 0.1253352754708743, 0.13113110202009182, 0.15266072970054267, 0.10753412552796249, 0.15174477904018602, 0.17428380082158412, 0.1586887225845004, 0.1289028327320949, 0.15194232761534465, 0.1577432124105087, 0.10145149678764653, 0.13484400740364322, 0.16880443954566715], {14: Parameter containing:
tensor([2.8648], requires_grad=True)}, {14: Parameter containing:
tensor([12.5302], requires_grad=True)}, 0.00014768752528279355, 0.009139019994215215]