[[990, 797, 452, 120, 8, 93, 933, 966, 962, 827, 597, 36, 688, 710, 86, 101, 785, 364, 243, 18, 32, 808, 17, 355, 664, 639, 496, 631, 475, 153, 94, 188, 731, 118, 866, 15, 516, 499, 902, 256, 67, 684, 555, 935, 478, 71, 616, 692, 92, 528, 593, 48, 277, 845, 570, 65, 661, 310, 493, 871, 983, 273, 961, 672, 205, 465, 898, 543, 682, 20, 521, 73, 6, 342, 148, 728, 485, 674, 387, 172, 56, 79, 602, 509, 168, 78, 571, 221, 926, 28, 977, 790, 114, 994, 145, 687, 313, 466, 41, 427, 284, 679, 826, 42, 182, 279, 159, 308, 868, 894, 798, 854, 476, 43, 577, 396, 783, 358, 508, 350, 1000, 837, 480, 488, 47, 802, 483, 879, 610, 175, 451, 752, 800, 532, 835, 449, 303, 282, 127, 999, 191, 901, 447, 788, 123, 907, 106, 850, 497, 386, 838, 873, 673, 262, 657, 197, 354, 111, 720, 717, 830, 161, 595, 276, 891, 738, 332, 813, 806, 458, 993, 929, 81, 405, 220, 49, 294, 823, 39, 225, 519, 90, 812, 841, 325, 904, 472, 68, 600, 264, 75, 706, 437, 207, 104, 407, 200, 722, 471, 513, 242, 370, 211, 951, 842, 432, 179, 599, 209, 943, 62, 361, 548, 157, 512, 563, 484, 927, 143, 135, 50, 640, 170, 149, 560, 72, 968, 334, 176, 2, 685, 691, 63, 654, 819, 152, 223, 992, 444, 401, 755, 333, 213, 769, 391, 287, 551, 648, 312, 433, 327, 702, 592, 156, 546, 96, 267, 285, 421, 410, 579, 900, 539, 117, 719, 385, 281, 934, 305, 918, 408, 54, 883, 998, 239, 503, 778, 390, 316, 3, 76, 492, 991, 306, 440, 700, 736, 860, 411, 644, 490, 839, 289, 606, 379, 671, 615, 910, 212, 174, 867, 582, 469, 770, 486, 676, 29, 878, 677, 107, 911, 376, 877, 960, 144, 603, 340, 925, 297, 817, 598, 339, 886, 301, 678, 804, 522, 286, 810, 547, 617, 792, 348, 523, 343, 329, 470, 274, 87, 540, 604, 880, 562, 856, 252, 811, 381, 141, 30, 718, 822, 46, 214, 836, 321, 529, 940, 445, 861, 955, 815, 268, 498, 594, 821, 357, 517, 85, 19, 818, 959, 578, 236, 167, 987, 786, 686, 746, 70, 150, 545, 250, 169, 820, 518, 403, 335, 133, 576, 580, 857, 831, 897, 767, 641, 378, 419, 649, 829, 322, 234, 203, 703, 534, 389, 505, 729, 31, 459, 83, 953, 979, 349, 765, 638, 248, 950, 366, 607, 425, 794, 77, 632, 218, 202, 561, 906, 514, 136, 261, 51, 693, 371, 699, 296, 805, 418, 377, 240, 293, 9, 646, 939, 124, 37, 224, 705, 809, 754, 189, 330, 300, 372, 280, 181, 468, 701, 4, 660, 245, 947, 455, 554, 611, 363, 420, 586, 942, 714, 527, 456, 382, 889, 412, 131, 109, 481, 500, 100, 572, 263, 541, 774, 344, 402, 590, 711, 416, 193, 311, 982, 346, 477, 917, 888, 726, 164, 924, 227, 875, 269, 920, 948, 801, 238, 44, 650, 102, 91, 869, 460, 921, 89, 194, 140, 356, 972, 103, 930, 16, 828, 899, 162, 309, 52, 24, 694, 414, 668, 134, 695, 166, 941, 158, 304, 764, 583, 566, 588, 986, 625, 793, 5, 777, 681, 732, 146, 581, 789, 163, 439, 779, 128, 80, 431, 716, 923, 865, 232, 511, 228, 753, 257, 173, 975, 138, 415, 957, 201, 613, 352, 295, 253, 956, 862, 147, 569, 84, 890, 424, 981, 997, 463, 538, 896, 601, 895, 642, 913, 643, 13, 863, 208, 400, 989, 368, 651, 33, 556, 126, 283, 872, 573, 932, 26, 533, 23, 82, 537, 132, 351, 504, 629, 165, 187, 204, 467, 557, 833, 931, 743, 434, 116, 443, 721, 689, 630, 587, 417, 963, 807, 759, 142, 697, 453, 882, 367, 129, 457, 507, 353, 658, 510, 231, 230, 139, 290, 55, 487, 944, 768, 399, 740, 847, 535, 320, 996, 635, 988, 843, 369, 985, 737, 589, 171, 359, 473, 219, 620, 762, 713, 328, 624, 244, 984, 803, 302, 130, 745, 426, 741, 237, 394, 954, 210, 696, 409, 495, 775, 491, 530, 816, 773, 945, 848, 97, 976, 974, 669, 341, 637, 763, 870, 622, 574, 558, 712, 652, 846, 585, 750, 742, 730, 110, 744, 441, 199, 757, 61, 667, 780, 40, 675, 406, 360, 222, 183, 121, 553, 799, 849, 292, 501, 623, 59, 634, 840, 27, 663, 154, 855, 834, 844, 99, 946, 95, 198, 605, 922, 853, 192, 542, 374, 905, 814, 278, 113, 614, 233, 254, 336, 246, 887, 404, 185, 474, 314, 60, 324, 184, 7, 345, 298, 272, 526, 413, 12, 909, 383, 544, 315, 429, 619, 45, 326, 259, 494, 375, 964, 915, 824, 506, 567, 958, 655, 734, 771, 559, 307, 57], [331, 196, 464, 249, 195, 122, 680, 155, 520, 916, 266, 723, 442, 338, 881, 704, 747, 14, 438, 995, 74, 796, 626, 733, 715, 271, 707, 393, 825, 251, 659, 489, 893, 69, 137, 531, 892, 782, 859, 461, 34, 636, 967, 502, 448, 35, 398, 858, 323, 288, 653, 937, 612, 112, 874, 760, 436, 462, 525, 772, 317, 749, 1, 596, 178, 98, 665, 115, 739, 776, 10, 186, 226, 395, 928, 758, 217, 255, 216, 724, 299, 337, 725, 515, 564, 708, 397, 787, 241, 864, 565, 11, 621, 291, 64, 388, 575, 761, 748, 215, 108, 22, 365, 795, 58, 479, 952, 766, 38, 552, 88, 683, 735, 392, 885, 978, 66, 435, 645, 965, 177, 914, 584, 851, 319, 550, 784, 422, 247, 524, 912, 970, 119, 568, 980, 151, 125, 229, 235, 903, 781, 591, 450, 160, 609, 973, 666, 258, 756, 423, 670, 709, 971, 53, 430, 949, 180, 791, 656, 919, 362, 190, 384, 318, 628, 938, 884, 608, 347, 698, 662, 647, 380, 751, 25, 21, 428, 270, 969, 549, 454, 727, 482, 852, 373, 275, 618, 206, 105, 908, 260, 876, 832, 690, 536, 446, 633, 627, 265, 936], [0.0003141131338673625, 0.0009746062924842065, 0.00034165686829999015, 0.0003936069868058183, 0.0005734612910628339, 0.0006632524579617458, 0.0006509220130820297, 0.0005627603100228464, 0.00043785076469483766, 0.00033472566344116243, 0.00032124144225451957, 0.0004075737284756577, 0.00048068499763743, 0.00044631998698271266, 0.000361404879460656, 0.0003145208138836476, 0.0003252884784864747, 0.00036239285785527765, 0.00039138473129139944, 0.000395336322066807, 0.0003745709912291988, 0.0003418427649659578, 0.00031669066261335693, 0.0003152447357453215, 0.00033563974232342445, 0.00035466065182014026, 0.00035131006036330243, 0.00033095630360305815, 0.00031470924181235127, 0.00031413554406849056, 0.00032435277050764946, 0.00033388618870591746, 0.0003349777834104743, 0.0003274508825881157, 0.00031737347495589983, 0.00031243667276189456, 0.00031577051578514994, 0.00032261605893388063, 0.0003249578171838525, 0.00032047544671415283, 0.00031438909641085493, 0.00031243088227763115, 0.0003150508520170987, 0.0003184960978854044, 0.00031920692434403235, 0.0003167147092961275, 0.0003134720515149826, 0.00031237578730210436, 0.00031397456036207945, 0.0003159819809559398, 0.00031594997718816035, 0.00031404847252367556, 0.00031246723610936044, 0.0003126205149022629, 0.0003138427377856228, 0.00031455014540336315, 0.000313996309998416, 0.00031284298500890395, 0.00031228654333045956, 0.000312739127366404, 0.00031344694660108907, 0.0003134758226452027, 0.0003128303786615439, 0.0003122988026900362, 0.00031239311383584483, 0.00031282654360729697, 0.0003129982783881536, 0.000312713510185803, 0.0003123255154733767, 0.000312254716553244, 0.00031249228422299165, 0.00031266515540919913], {'Geodset': Geometry(Si64, Si64, ..., Si64, Si64, pbc=[True, True, True]), 'GeoSi64': Geometry(Si64, pbc=[True, True, True]), 'formation_energy': tensor([0.1009, 0.1555, 0.1285, 0.1556, 0.0544, 0.1464, 0.1060, 0.1357, 0.1237,
        0.1507, 0.1346, 0.1299, 0.1430, 0.1335, 0.1601, 0.1175, 0.1368, 0.1590,
        0.1576, 0.1345, 0.1441, 0.1277, 0.1466, 0.1145, 0.1443, 0.1413, 0.1338,
        0.1677, 0.1651, 0.1420, 0.1443, 0.1561, 0.1572, 0.1133, 0.1543, 0.1034,
        0.1103, 0.1451, 0.1607, 0.1406, 0.1533, 0.1273, 0.1198, 0.1203, 0.1430,
        0.1578, 0.1402, 0.1355, 0.1366, 0.1250, 0.1383, 0.1222, 0.1478, 0.1652,
        0.1499, 0.1742, 0.1401, 0.1550, 0.1464, 0.1201, 0.1233, 0.1265, 0.1209,
        0.1651, 0.1426, 0.1667, 0.1242, 0.1337, 0.1336, 0.0914, 0.1462, 0.1631,
        0.1612, 0.1530, 0.1216, 0.1431, 0.1480, 0.1457, 0.1410, 0.1167, 0.1227,
        0.1716, 0.1791, 0.1308, 0.1489, 0.1563, 0.1386, 0.1705, 0.1361, 0.1308,
        0.1420, 0.1530, 0.1841, 0.1571, 0.1079, 0.1307, 0.1310, 0.1576, 0.0902,
        0.1460, 0.1351, 0.1317, 0.1477, 0.1154, 0.1500, 0.1689, 0.1464, 0.1475,
        0.1752, 0.1692, 0.1716, 0.1495, 0.1668, 0.1499, 0.1658, 0.1415, 0.1262,
        0.1389, 0.1399, 0.1362, 0.1742, 0.1324, 0.1240, 0.1227, 0.1266, 0.1247,
        0.1532, 0.1132, 0.1486, 0.1492, 0.1413, 0.1421, 0.1579, 0.1419, 0.1454,
        0.1468, 0.1240, 0.1444, 0.1485, 0.1672, 0.1356, 0.1563, 0.1301, 0.1317,
        0.1202, 0.1202, 0.1661, 0.1077, 0.1392, 0.1289, 0.1452, 0.1365, 0.1534,
        0.1562, 0.1560, 0.1643, 0.1089, 0.1389, 0.1230, 0.1398, 0.1200, 0.1766,
        0.1570, 0.1321, 0.1754, 0.1383, 0.1275, 0.1407, 0.1600, 0.1534, 0.1635,
        0.1528, 0.1454, 0.1210, 0.1470, 0.1426, 0.1408, 0.1145, 0.1145, 0.1424,
        0.1434, 0.0988, 0.1411, 0.1698, 0.1503, 0.1213, 0.1393, 0.1249, 0.1469,
        0.1528, 0.1166, 0.1423, 0.1614, 0.1621, 0.1381, 0.1536, 0.1315, 0.1182,
        0.1368, 0.1499, 0.1631, 0.1248, 0.1128, 0.1648, 0.1517, 0.0857, 0.1241,
        0.1308, 0.1355, 0.1534, 0.0811, 0.1313, 0.1401, 0.1368, 0.1502, 0.1312,
        0.1552, 0.1323, 0.1399, 0.1346, 0.1723, 0.1421, 0.1415, 0.1298, 0.1411,
        0.1715, 0.1248, 0.1558, 0.1583, 0.1406, 0.1228, 0.1475, 0.1000, 0.1193,
        0.1439, 0.1382, 0.1894, 0.1486, 0.1458, 0.1487, 0.1241, 0.1423, 0.1420,
        0.1436, 0.1541, 0.1493, 0.1015, 0.1516, 0.1339, 0.1000, 0.1328, 0.1395,
        0.1241, 0.1457, 0.1606, 0.1284, 0.1380, 0.1352, 0.1456, 0.1484, 0.1475,
        0.1379, 0.1604, 0.1034, 0.1338, 0.1196, 0.1550, 0.1059, 0.1091, 0.1437,
        0.1626, 0.0804, 0.1354, 0.1460, 0.1488, 0.1419, 0.1354, 0.1543, 0.1649,
        0.1996, 0.1128, 0.1511, 0.1215, 0.1163, 0.1369, 0.1305, 0.1389, 0.1687,
        0.1373, 0.1224, 0.1341, 0.1651, 0.1578, 0.1255, 0.1347, 0.1751, 0.1338,
        0.1441, 0.1223, 0.1310, 0.1724, 0.1281, 0.1359, 0.1550, 0.1369, 0.1449,
        0.1577, 0.1135, 0.1433, 0.1501, 0.1261, 0.1157, 0.1282, 0.1298, 0.1195,
        0.1758, 0.1421, 0.1534, 0.1288, 0.1160, 0.1260, 0.1359, 0.1383, 0.1454,
        0.1376, 0.1417, 0.1314, 0.1399, 0.1110, 0.1569, 0.1384, 0.1550, 0.1331,
        0.1173, 0.1535, 0.1095, 0.1362, 0.1198, 0.1412, 0.1525, 0.1562, 0.1257,
        0.1448, 0.1265, 0.1321, 0.1266, 0.1619, 0.1755, 0.1774, 0.1404, 0.1249,
        0.1492, 0.1598, 0.1337, 0.1185, 0.1309, 0.1081, 0.1342, 0.1679, 0.1231,
        0.1104, 0.1551, 0.1434, 0.1522, 0.1376, 0.1322, 0.1118, 0.1595, 0.1083,
        0.1321, 0.1465, 0.1573, 0.1348, 0.1374, 0.1425, 0.1339, 0.1232, 0.1127,
        0.1321, 0.1348, 0.1532, 0.1181, 0.1501, 0.1455, 0.1260, 0.1265, 0.1610,
        0.1281, 0.1674, 0.1413, 0.1131, 0.1326, 0.1417, 0.1480, 0.1407, 0.1172,
        0.1411, 0.1555, 0.1220, 0.1230, 0.1347, 0.1135, 0.1535, 0.1361, 0.1536,
        0.1534, 0.1500, 0.1731, 0.1510, 0.1269, 0.1287, 0.1600, 0.1378, 0.1574,
        0.1415, 0.1308, 0.1639, 0.1560, 0.1311, 0.1119, 0.1283, 0.1304, 0.1696,
        0.1295, 0.1125, 0.1498, 0.1038, 0.1384, 0.1329, 0.1376, 0.1838, 0.1340,
        0.1368, 0.1441, 0.1353, 0.1558, 0.1393, 0.1105, 0.1547, 0.1349, 0.0914,
        0.1349, 0.1152, 0.1131, 0.1484, 0.1703, 0.1571, 0.1105, 0.1275, 0.1560,
        0.1091, 0.1451, 0.1466, 0.1654, 0.1373, 0.1381, 0.1291, 0.1502, 0.1306,
        0.1413, 0.1335, 0.1313, 0.1362, 0.1400, 0.1445, 0.1445, 0.1179, 0.1364,
        0.1234, 0.1191, 0.1419, 0.1540, 0.1761, 0.1334, 0.1290, 0.1019, 0.1299,
        0.1450, 0.1265, 0.1364, 0.1621, 0.1410, 0.1617, 0.1490, 0.1409, 0.1173,
        0.1357, 0.1424, 0.1181, 0.1449, 0.1150, 0.1335, 0.1583, 0.1626, 0.1677,
        0.1412, 0.1247, 0.1721, 0.1117, 0.1590, 0.1687, 0.1322, 0.1377, 0.1372,
        0.1441, 0.1722, 0.1527, 0.1115, 0.1169, 0.1609, 0.1476, 0.1491, 0.0967,
        0.1290, 0.1752, 0.1229, 0.1691, 0.1181, 0.1535, 0.1338, 0.1372, 0.1224,
        0.1695, 0.1566, 0.1605, 0.1777, 0.1486, 0.1416, 0.1547, 0.1330, 0.1692,
        0.1220, 0.1166, 0.1347, 0.1127, 0.1519, 0.1163, 0.1457, 0.1279, 0.1585,
        0.1490, 0.1423, 0.1543, 0.1412, 0.1318, 0.1587, 0.1068, 0.1367, 0.1414,
        0.1476, 0.1340, 0.1272, 0.1511, 0.1660, 0.0941, 0.1344, 0.1788, 0.1318,
        0.1413, 0.1413, 0.1144, 0.1360, 0.1240, 0.1172, 0.1110, 0.1457, 0.1438,
        0.1576, 0.1197, 0.1229, 0.1136, 0.1414, 0.1445, 0.1414, 0.1484, 0.1128,
        0.1650, 0.1429, 0.1785, 0.1125, 0.1230, 0.1256, 0.1605, 0.1579, 0.1607,
        0.1664, 0.1697, 0.1345, 0.1152, 0.1265, 0.0639, 0.1267, 0.1532, 0.1434,
        0.0999, 0.1232, 0.1400, 0.1082, 0.1014, 0.1368, 0.1379, 0.1204, 0.1421,
        0.1211, 0.1304, 0.1407, 0.1695, 0.1274, 0.1459, 0.1255, 0.1258, 0.1462,
        0.1428, 0.1149, 0.1543, 0.1249, 0.1457, 0.0945, 0.1596, 0.1408, 0.1340,
        0.1296, 0.1195, 0.1559, 0.1159, 0.1537, 0.1565, 0.1262, 0.1400, 0.1343,
        0.1491, 0.1462, 0.1618, 0.1777, 0.1207, 0.1425, 0.1380, 0.1460, 0.1503,
        0.1519, 0.1077, 0.1445, 0.1319, 0.1396, 0.1330, 0.1624, 0.1481, 0.0847,
        0.1275, 0.1569, 0.1416, 0.1297, 0.1321, 0.1544, 0.1317, 0.1235, 0.1219,
        0.1429, 0.1179, 0.1429, 0.1187, 0.1574, 0.1380, 0.1231, 0.1277, 0.1398,
        0.1459, 0.1311, 0.1189, 0.1341, 0.1241, 0.1184, 0.1574, 0.1481, 0.1417,
        0.1277, 0.1370, 0.1372, 0.1175, 0.1264, 0.1317, 0.1393, 0.1605, 0.1171,
        0.1187, 0.1809, 0.1596, 0.1318, 0.1514, 0.1457, 0.1362, 0.1061, 0.1719,
        0.1488, 0.1366, 0.1264, 0.1190, 0.1249, 0.1679, 0.1486, 0.1421, 0.1426,
        0.1375, 0.1486, 0.1517, 0.1031, 0.1301, 0.1219, 0.1666, 0.1095, 0.1426,
        0.1341, 0.1552, 0.1083, 0.1274, 0.1480, 0.1451, 0.1443, 0.0990, 0.1449,
        0.1199, 0.0907, 0.1439, 0.1364, 0.1356, 0.1887, 0.1572, 0.1554, 0.1363,
        0.1726, 0.1196, 0.1315, 0.1436, 0.1588, 0.1804, 0.1500, 0.1769, 0.1181,
        0.1494, 0.1477, 0.1456, 0.1573, 0.1520, 0.1305, 0.1385, 0.1359, 0.1575,
        0.1344, 0.1691, 0.1354, 0.1217, 0.1334, 0.1409, 0.1038, 0.1263, 0.1622,
        0.1927, 0.1254, 0.1387, 0.1521, 0.1552, 0.1387, 0.1541, 0.1172, 0.1564,
        0.1560, 0.1395, 0.1416, 0.1450, 0.1584, 0.0164, 0.1410, 0.1294, 0.1400,
        0.1140, 0.1365, 0.0756, 0.1512, 0.1362, 0.1418, 0.1541, 0.1439, 0.1191,
        0.1705, 0.1457, 0.1060, 0.1370, 0.1281, 0.1437, 0.1591, 0.1154, 0.1572,
        0.1658, 0.1594, 0.1388, 0.1540, 0.1686, 0.1222, 0.1316, 0.1675]), 'elec_energy_defects': tensor([-88.1798, -88.1621, -88.1651, -88.1610, -88.2469, -88.1130, -88.1891,
        -88.1758, -88.1728, -88.1922, -88.1717, -88.1658, -88.1741, -88.1962,
        -88.1746, -88.1766, -88.1757, -88.1547, -88.1577, -88.1009, -88.1628,
        -88.1838, -88.1043, -88.1700, -88.1708, -88.1858, -88.1793, -88.1556,
        -88.1350, -88.1246, -88.1039, -88.1398, -88.1618, -88.1665, -88.1613,
        -88.1250, -88.1870, -88.1843, -88.1758, -88.1541, -88.1404, -88.1883,
        -88.1994, -88.1838, -88.1772, -88.1358, -88.1879, -88.1712, -88.1290,
        -88.1915, -88.1736, -88.1058, -88.1353, -88.1615, -88.1216, -88.1425,
        -88.1812, -88.1183, -88.1721, -88.1826, -88.1610, -88.1734, -88.1639,
        -88.1578, -88.1421, -88.1845, -88.1616, -88.1586, -88.1864, -88.1099,
        -88.1707, -88.1367, -89.4300, -88.1589, -88.1829, -88.1647, -88.1758,
        -88.1607, -88.1630, -88.1400, -88.1604, -88.1034, -88.1443, -88.1749,
        -88.1744, -88.1062, -88.1276, -88.1335, -88.1454, -88.1334, -88.1635,
        -88.1752, -88.1030, -88.1551, -88.1828, -88.1773, -88.1105, -88.1820,
        -88.1486, -88.1770, -88.1528, -88.1699, -88.1949, -88.1386, -88.1457,
        -88.1192, -88.1178, -88.1487, -88.1644, -88.1434, -88.1587, -88.1887,
        -88.1440, -88.1279, -88.1615, -88.1862, -88.1767, -88.1480, -88.1706,
        -88.1941, -88.1388, -88.1581, -88.1976, -88.1861, -88.1028, -88.1688,
        -88.1810, -88.1796, -88.1842, -88.1312, -88.1653, -88.1569, -88.1595,
        -88.1965, -88.1606, -88.1713, -88.1920, -88.1355, -88.1319, -88.1419,
        -88.1582, -88.1682, -88.1776, -88.1724, -88.1471, -88.1913, -88.1414,
        -88.1996, -88.1834, -88.1740, -88.1582, -88.1799, -88.1584, -88.1473,
        -88.1684, -88.1324, -88.1799, -88.1096, -88.1674, -88.1777, -88.1763,
        -88.1399, -88.1719, -88.1491, -88.1344, -88.1748, -88.1443, -88.1761,
        -88.1824, -88.1785, -88.1638, -88.1741, -88.1146, -88.1706, -88.1348,
        -88.1150, -88.1486, -88.1914, -88.1609, -88.1621, -88.1689, -88.1675,
        -88.1775, -88.1633, -88.1799, -88.1932, -88.1522, -88.1393, -88.1543,
        -88.1350, -88.1311, -88.1593, -88.1737, -88.1379, -88.1495, -88.1495,
        -88.1449, -88.1629, -88.1632, -88.1929, -88.1512, -88.1980, -88.1576,
        -88.1713, -88.1633, -88.1965, -88.1462, -88.1621, -88.1515, -88.1711,
        -88.1397, -88.1443, -88.1588, -88.1117, -88.1894, -88.1833, -88.1762,
        -88.1545, -88.1518, -88.1427, -88.1305, -88.1856, -88.1554, -88.1717,
        -88.2072, -88.1362, -88.1584, -88.1263, -88.1328, -86.5279, -88.1854,
        -88.1709, -88.1428, -88.1890, -88.1807, -88.1331, -88.1381, -88.1731,
        -88.1750, -88.2014, -88.1708, -88.1330, -88.1423, -88.1652, -88.1366,
        -88.1504, -88.1818, -88.1598, -88.1082, -88.1946, -88.1795, -88.1554,
        -88.1770, -88.1127, -88.1482, -88.1122, -88.1290, -88.1563, -88.1831,
        -88.1435, -88.1671, -88.1636, -88.1629, -88.1579, -88.1697, -88.1787,
        -88.1262, -88.1870, -88.1913, -88.1602, -88.1424, -88.1846, -88.1771,
        -88.1437, -88.1369, -88.1647, -88.1804, -88.1342, -88.1349, -89.6468,
        -88.1231, -88.1746, -88.1794, -88.1818, -88.1696, -88.1604, -88.1683,
        -88.1674, -88.1525, -88.1788, -88.1833, -88.1597, -88.1402, -88.1769,
        -88.1633, -88.1598, -88.1788, -88.1755, -88.1521, -88.1321, -88.1607,
        -88.1937, -88.1763, -88.1644, -88.1790, -88.1645, -88.1377, -88.1778,
        -88.1652, -88.1425, -88.1744, -88.1758, -88.1749, -88.1565, -88.1693,
        -88.1465, -88.1528, -88.1394, -88.1596, -88.1794, -88.1684, -88.1485,
        -88.1749, -88.1800, -88.1666, -88.1781, -88.1765, -88.1551, -88.1821,
        -88.1517, -88.1959, -88.1816, -88.1830, -88.1835, -88.1619, -88.1774,
        -88.1715, -88.1715, -88.1820, -88.1650, -88.1542, -88.1797, -88.1928,
        -88.1733, -88.1354, -88.1797, -88.1584, -88.1181, -88.1454, -88.1730,
        -88.1878, -88.1048, -88.1319, -88.1591, -88.1993, -88.1908, -88.1713,
        -88.1771, -88.1708, -88.1610, -88.1769, -88.1303, -88.1854, -88.1719,
        -88.1845, -88.1533, -88.1802, -88.1646, -88.1031, -88.1800, -88.1524,
        -88.1622, -88.1238, -88.1825, -88.1540, -88.1746, -88.1813, -88.1896,
        -88.1364, -88.1580, -88.1489, -88.1489, -88.1649, -88.1821, -88.1735,
        -88.1897, -88.1253, -88.1537, -88.1629, -88.1757, -88.1679, -88.1713,
        -88.1606, -88.1664, -88.1854, -88.1688, -88.1758, -88.1628, -88.1820,
        -88.1983, -88.1171, -88.1563, -88.1529, -88.1901, -88.1389, -88.1618,
        -88.1656, -88.1545, -88.1794, -88.1400, -88.1667, -88.1683, -88.1890,
        -88.1684, -88.1857, -88.1625, -88.1736, -88.1714, -88.1859, -88.1823,
        -88.1792, -88.1137, -88.1555, -88.1303, -88.1577, -88.2008, -88.1967,
        -88.1939, -88.1300, -88.1564, -88.1500, -88.1709, -88.1943, -88.1613,
        -88.1556, -88.1809, -88.1763, -88.1733, -88.1405, -88.1453, -88.2298,
        -88.1664, -88.1728, -88.1450, -88.1643, -88.1482, -88.1539, -88.1835,
        -88.1657, -88.1459, -88.1696, -88.1738, -88.1883, -88.1200, -88.1487,
        -88.1785, -88.1583, -89.4713, -88.1799, -88.1667, -88.1772, -88.1737,
        -88.1938, -88.1773, -88.1497, -88.1786, -88.1945, -88.1702, -88.1966,
        -88.1933, -88.1762, -88.1622, -88.1508, -88.1647, -88.1417, -88.1362,
        -88.1959, -88.1804, -88.1748, -88.1381, -88.1400, -88.1655, -88.1664,
        -88.1652, -88.1966, -88.1854, -88.2010, -88.1844, -88.1607, -88.1104,
        -88.1680, -88.1727, -88.1596, -88.1602, -88.1614, -88.1598, -88.1815,
        -88.1378, -88.1834, -88.1729, -88.1354, -88.1568, -88.1770, -88.1635,
        -88.1334, -88.1181, -88.1704, -88.1705, -88.1487, -88.1712, -88.1811,
        -88.1520, -88.1803, -88.1553, -88.1076, -88.1608, -88.1556, -88.1599,
        -88.1817, -88.1128, -88.1876, -88.1619, -88.1551, -88.1316, -88.1691,
        -88.1383, -88.1692, -88.1844, -88.1720, -88.1514, -88.1666, -88.1876,
        -88.1704, -88.1130, -88.1943, -88.1696, -88.1980, -88.1478, -88.1906,
        -88.1484, -88.1638, -88.1820, -89.4958, -88.1785, -88.1813, -88.1592,
        -88.1898, -88.1856, -88.1729, -88.1699, -88.1699, -88.1807, -88.1286,
        -88.1063, -88.1946, -88.1838, -88.1405, -88.1654, -88.1282, -88.1847,
        -88.1825, -88.1603, -88.1642, -88.1351, -88.1637, -88.1073, -88.1867,
        -88.1541, -88.1532, -88.1693, -88.1947, -88.1519, -88.1332, -88.1575,
        -88.1734, -88.1896, -88.1214, -88.1529, -88.1408, -88.1861, -88.1716,
        -88.1445, -88.1869, -88.1619, -88.1572, -88.1475, -88.1510, -88.1849,
        -88.1709, -88.1829, -88.1553, -88.1735, -88.1437, -88.2041, -88.1736,
        -88.1914, -88.1806, -88.1680, -88.2054, -88.1371, -88.1453, -88.1830,
        -88.1497, -88.1892, -88.1354, -88.1955, -88.1349, -88.1266, -88.1645,
        -88.1496, -88.1965, -88.1620, -88.1655, -88.1876, -88.1352, -88.1499,
        -88.1800, -88.2103, -88.1643, -88.1868, -88.1772, -88.1897, -88.1406,
        -88.1728, -88.1652, -88.1720, -88.1595, -88.1924, -88.1799, -88.1801,
        -88.1833, -88.1685, -88.1337, -88.1621, -88.1670, -88.1776, -88.1820,
        -88.1290, -88.1777, -88.1667, -88.1888, -88.1701, -88.1796, -88.1418,
        -88.1579, -88.1038, -88.1385, -88.1759, -88.1833, -88.1728, -88.1659,
        -88.2039, -88.1731, -88.1736, -88.1812, -88.1931, -88.1457, -88.1737,
        -88.1636, -88.1620, -88.1972, -88.1484, -88.1726, -88.1885, -88.1469,
        -88.1448, -88.1414, -88.1340, -88.1846, -88.1688, -88.2009, -88.1801,
        -88.1581, -88.1632, -88.1534, -88.1740, -88.1865, -88.1337, -88.1875,
        -88.1786, -88.1722, -88.1291, -88.1664, -88.1642, -88.1572, -88.1639,
        -88.1400, -88.1750, -88.1705, -88.1788, -88.1920, -88.1783, -88.1638,
        -88.1748, -88.1832, -88.1280, -88.1634, -88.1626, -88.1689, -88.1560,
        -88.1842, -88.1697, -88.1782, -88.1614, -88.1587, -88.2125, -88.2025,
        -88.1895, -88.1659, -88.1969, -88.1631, -88.1734, -88.1644, -88.1242,
        -88.1826, -88.1701, -88.1365, -88.1731, -88.1345, -88.1723, -88.1799,
        -88.1563, -88.1631, -88.1596, -88.1437, -88.1336, -88.1409, -88.1546,
        -88.1895, -88.1578, -88.1927, -88.1421, -88.1750, -88.1566, -88.1285,
        -88.1661, -88.1618, -88.1331, -88.1743, -88.1189, -88.1807, -88.1622,
        -88.1607, -88.1642, -88.1764, -88.1035, -88.1317, -88.1653, -88.1459,
        -88.1959, -88.1614, -88.1633, -88.1790, -88.1976, -88.1759, -88.1246,
        -88.0953, -88.1719, -88.1198, -88.1360, -88.1291, -88.1678, -88.1699,
        -88.1810, -88.1330, -88.1346, -88.1161, -88.1297, -88.1849, -88.1361,
        -88.2591, -88.1687, -88.1639, -88.1677, -88.1945, -88.1765, -88.1723,
        -88.1785, -88.1694, -88.1531, -88.1242, -88.1836, -88.1948, -88.1102,
        -88.1784, -88.1705, -88.1723, -88.1772, -88.1836, -88.1636, -88.1942,
        -88.1636, -88.1361, -88.1519, -88.1805, -88.1594, -88.1636, -88.2114,
        -88.1666, -88.1446]), 'elec_energy_Si64': -88.2635544138, 'alpha': {14: Parameter containing:
tensor([1.1426], requires_grad=True)}, 'Z': {14: Parameter containing:
tensor([12.6485], requires_grad=True)}, 'repulsive_feed': PairwiseRepulsiveEnergyFeed(
  (repulsive_feeds): ModuleDict(
    ((14, 14)): PTBPRepulsive()
  )
)}, tensor([0.1158, 0.1612, 0.1672, 0.1228, 0.1473, 0.1390, 0.1298, 0.1504, 0.1518,
        0.1705, 0.1303, 0.1282, 0.1569, 0.1351, 0.1392, 0.1613, 0.1178, 0.0745,
        0.1444, 0.1370, 0.1390, 0.1351, 0.1395, 0.1590, 0.1279, 0.1568, 0.1263,
        0.1580, 0.1304, 0.1215, 0.1321, 0.1248, 0.1673, 0.1159, 0.1347, 0.1400,
        0.1699, 0.1195, 0.1484, 0.1477, 0.0904, 0.1416, 0.1260, 0.1418, 0.1378,
        0.1020, 0.1206, 0.1225, 0.1338, 0.1578, 0.1119, 0.1407, 0.1290, 0.1743,
        0.1540, 0.1363, 0.1694, 0.1526, 0.1103, 0.1754, 0.1651, 0.1380, 0.0000,
        0.1490, 0.1357, 0.1289, 0.1408, 0.1536, 0.1357, 0.1451, 0.1070, 0.1543,
        0.1205, 0.1559, 0.1419, 0.1510, 0.1407, 0.1511, 0.1563, 0.1383, 0.1373,
        0.1433, 0.1426, 0.1218, 0.1214, 0.1196, 0.1256, 0.1296, 0.1610, 0.1196,
        0.1266, 0.0971, 0.1315, 0.1365, 0.1412, 0.1498, 0.1615, 0.1311, 0.1286,
        0.1652, 0.1215, 0.1362, 0.1651, 0.1239, 0.1913, 0.1291, 0.1497, 0.1557,
        0.1413, 0.1194, 0.1144, 0.1320, 0.1452, 0.1550, 0.1276, 0.1605, 0.1774,
        0.1577, 0.1259, 0.1443, 0.1516, 0.1352, 0.1083, 0.1058, 0.1375, 0.0998,
        0.1336, 0.1394, 0.1365, 0.1103, 0.1123, 0.1552, 0.1373, 0.1730, 0.1426,
        0.1369, 0.1214, 0.1232, 0.1329, 0.1457, 0.1170, 0.1166, 0.1492, 0.1655,
        0.1497, 0.1502, 0.1409, 0.1095, 0.1314, 0.1255, 0.1767, 0.1248, 0.1701,
        0.1145, 0.1187, 0.1507, 0.1256, 0.1590, 0.1547, 0.1298, 0.1333, 0.1492,
        0.1216, 0.1541, 0.1339, 0.1305, 0.1272, 0.1424, 0.1303, 0.1629, 0.1493,
        0.1444, 0.1537, 0.1438, 0.1582, 0.1019, 0.1547, 0.1691, 0.1361, 0.1166,
        0.1225, 0.1398, 0.1424, 0.1165, 0.1482, 0.1216, 0.1289, 0.1578, 0.1596,
        0.1409, 0.1171, 0.1478, 0.1495, 0.1560, 0.1344, 0.1283, 0.1615, 0.1332,
        0.1375, 0.1364]), tensor([1.3529e-01, 1.7180e-01, 1.4244e-01, 1.3795e-01, 1.5895e-01, 1.5143e-01,
        1.2939e-01, 1.8264e-01, 1.4660e-01, 1.6029e-01, 1.6021e-01, 1.3655e-01,
        1.4645e-01, 1.5429e-01, 1.3188e-01, 1.6350e-01, 1.1365e-01, 1.2585e-01,
        1.3867e-01, 1.5211e-01, 1.6331e-01, 1.3828e-01, 1.3861e-01, 1.5683e-01,
        1.1699e-01, 1.5607e-01, 1.3334e-01, 1.5669e-01, 1.1443e-01, 1.4848e-01,
        1.2930e-01, 1.1872e-01, 1.7635e-01, 1.4705e-01, 1.7326e-01, 1.2079e-01,
        1.8073e-01, 1.2177e-01, 1.4621e-01, 1.3332e-01, 1.1370e-01, 1.3180e-01,
        1.3224e-01, 1.4013e-01, 1.3321e-01, 1.2026e-01, 1.0564e-01, 1.3142e-01,
        1.1773e-01, 1.6776e-01, 1.0616e-01, 1.3381e-01, 1.3006e-01, 2.0684e-01,
        1.4022e-01, 1.3631e-01, 1.4718e-01, 1.3493e-01, 1.0638e-01, 1.6264e-01,
        1.6642e-01, 1.3559e-01, 1.4211e-14, 1.4075e-01, 1.5604e-01, 1.4935e-01,
        1.3837e-01, 1.8083e-01, 1.3423e-01, 1.3855e-01, 9.3079e-02, 1.7402e-01,
        1.2356e-01, 1.4264e-01, 1.4254e-01, 1.4291e-01, 1.7049e-01, 1.6233e-01,
        1.8026e-01, 1.4297e-01, 1.3986e-01, 1.6366e-01, 1.4534e-01, 1.1226e-01,
        1.2643e-01, 1.2108e-01, 1.1325e-01, 1.3062e-01, 1.6754e-01, 1.2723e-01,
        1.3761e-01, 1.0146e-01, 1.3213e-01, 1.5669e-01, 1.5783e-01, 1.5638e-01,
        1.5501e-01, 1.3398e-01, 1.2459e-01, 1.8358e-01, 1.4778e-01, 1.6741e-01,
        1.5931e-01, 1.2718e-01, 1.9040e-01, 1.1791e-01, 1.4438e-01, 1.4854e-01,
        1.4425e-01, 1.1696e-01, 1.1412e-01, 1.1958e-01, 1.4417e-01, 1.6309e-01,
        1.2638e-01, 1.5421e-01, 1.7971e-01, 1.3692e-01, 1.2879e-01, 1.3196e-01,
        1.6923e-01, 1.3812e-01, 1.0105e-01, 9.7696e-02, 1.2933e-01, 1.1362e-01,
        1.2986e-01, 1.2628e-01, 1.3937e-01, 1.0938e-01, 1.2189e-01, 1.5916e-01,
        1.4076e-01, 1.8590e-01, 1.3899e-01, 1.5585e-01, 1.4783e-01, 1.2820e-01,
        1.6930e-01, 1.2978e-01, 1.1939e-01, 1.1810e-01, 1.4530e-01, 1.8517e-01,
        1.2890e-01, 1.5323e-01, 1.3821e-01, 1.2285e-01, 1.3147e-01, 1.1778e-01,
        1.6179e-01, 1.1636e-01, 1.6723e-01, 1.1683e-01, 1.1457e-01, 1.3976e-01,
        1.4490e-01, 1.4070e-01, 1.4329e-01, 1.3956e-01, 1.5080e-01, 1.5644e-01,
        1.2429e-01, 1.4939e-01, 1.3401e-01, 1.2971e-01, 1.2474e-01, 1.2467e-01,
        1.2759e-01, 1.5472e-01, 1.4138e-01, 1.4539e-01, 1.5437e-01, 1.4756e-01,
        1.6985e-01, 1.5560e-01, 1.4215e-01, 1.7169e-01, 1.4720e-01, 1.2877e-01,
        1.2856e-01, 1.4269e-01, 1.2602e-01, 1.0391e-01, 1.3273e-01, 1.3266e-01,
        1.1352e-01, 1.7184e-01, 1.6625e-01, 1.2869e-01, 1.2991e-01, 1.4043e-01,
        1.4546e-01, 1.4624e-01, 1.3304e-01, 1.2613e-01, 1.5790e-01, 1.3348e-01,
        1.6354e-01, 1.2973e-01], grad_fn=<SubBackward0>), [0.10087664888936487, 0.15554419254191032, 0.12853696437239392, 0.15558144018728726, 0.05440996432945333, 0.14638310483613814, 0.10602811959090097, 0.13567463463683715, 0.12368868846052194, 0.15074831969685398, 0.1345517946725554, 0.1298866211676959, 0.14295626192779842, 0.1335254911414001, 0.16006903507610915, 0.11746359249011995, 0.1368377503908338, 0.15900783034394905, 0.15757346157818652, 0.13454112524116546, 0.1440585942990147, 0.12770384542543134, 0.14664735195667689, 0.11453781008459885, 0.14427598125335983, 0.14125094590464649, 0.1338123266017579, 0.16770120020905033, 0.16508835520662224, 0.14197034957923726, 0.14433590874437208, 0.15610605443468017, 0.15715821883300407, 0.11330080209626914, 0.15432909707332243, 0.10342717842967453, 0.11032222450864282, 0.14511469785743536, 0.16067292092396102, 0.14058690141253116, 0.15330291260997697, 0.12729196928587072, 0.1198153860932738, 0.12028923151631687, 0.14296438279353296, 0.15777580299157634, 0.140178427892927, 0.1354574464963374, 0.1366136688120374, 0.12495926254689493, 0.13827840292359994, 0.1222495889542099, 0.14779428073569711, 0.16522963063492746, 0.1498713319787175, 0.17424831250317396, 0.14014356711618348, 0.15504162605177108, 0.14635857686697307, 0.12007127531493289, 0.1232583384355177, 0.12654252377345898, 0.12091810543487647, 0.16508261496213095, 0.1426098569148504, 0.16672912434867015, 0.124181793102073, 0.13365422292276286, 0.133595549318704, 0.09143872925686658, 0.146177435036428, 0.16313002155403034, 0.16115512470524962, 0.1530460351989813, 0.12162570596141542, 0.14313556923206328, 0.1479724701255094, 0.14574151234385013, 0.14103199048912707, 0.11669466726325517, 0.12268785662118731, 0.17161870907376908, 0.17914863574839401, 0.13081342516768935, 0.1488833124238873, 0.15634741848581868, 0.13858417678086177, 0.17045154391170314, 0.1361341831026639, 0.13075046107999455, 0.14201741186671413, 0.1530126407202843, 0.18411778864100192, 0.15706144463175065, 0.10787921650954502, 0.13070632183378983, 0.13100248868263087, 0.157605203072265, 0.09023509700507759, 0.14603308736459297, 0.13511064569316567, 0.13172202097985775, 0.14770576263769186, 0.11540051297279597, 0.15003099823899113, 0.1689084537392791, 0.14636121840842087, 0.14750213389546474, 0.1752417242863924, 0.1692180105720098, 0.17157528533691568, 0.1494810747317903, 0.16683622547761168, 0.14989194136740736, 0.16584848595263502, 0.14153891103923932, 0.12619292561170425, 0.1388937589706245, 0.13986056203792252, 0.13620296718088554, 0.17420934278445088, 0.1324107352935311, 0.12396054379371968, 0.12267980851911453, 0.12655227777917766, 0.12466409674965284, 0.1531823119841622, 0.1132098890447839, 0.14861138175457533, 0.14921945261550285, 0.14132028783761363, 0.14205633748624713, 0.15791308634075563, 0.14193718992872206, 0.14543416745296334, 0.14677741002116207, 0.12398816973094462, 0.1443795096129712, 0.1484601053650909, 0.167185478930703, 0.13557331050171229, 0.1563274404505215, 0.1300617563211457, 0.13165064423679063, 0.12016145558488667, 0.12017694248523192, 0.1660608411894664, 0.10773471632801268, 0.13919146892360423, 0.12889505824299263, 0.14516772786772414, 0.13649604267654958, 0.153411695020516, 0.15615963494984975, 0.1560032224747694, 0.1642702244716734, 0.10889572671320735, 0.13889286338958584, 0.12302772650175164, 0.13980533882794433, 0.12004305624360967, 0.176608585645468, 0.15702224706721601, 0.1320664437342387, 0.17536815849998355, 0.13825222013234928, 0.12751490943064603, 0.1407263926611293, 0.16002279891344706, 0.15336499949129845, 0.16346652887139967, 0.15282867580662796, 0.14542249329503854, 0.12098435821962639, 0.1470392985700517, 0.1426070169270517, 0.14077876779845688, 0.11451515633098275, 0.11454257242956523, 0.1423981797030578, 0.14335644700474504, 0.09881171757357698, 0.14106118011011048, 0.16981858751067946, 0.15031284167110215, 0.12133284067188832, 0.13928037031706353, 0.12488302239821714, 0.14689274630623927, 0.1527874463719403, 0.11664582704345605, 0.1423432560000748, 0.16142180049677357, 0.16211582288288184, 0.1380615583892837, 0.15364030668854944, 0.13148114459225724, 0.11824623587234306, 0.1368083101394557, 0.14992206846365974, 0.1631089156819634, 0.12484103262000623, 0.11276480474560202, 0.16481628121494651, 0.15165278157750528, 0.08568422051439484, 0.12411043951107992, 0.13078722951417632, 0.13551459684089195, 0.15344175486550604, 0.08106358057599117, 0.13129639655049452, 0.14008014660187662, 0.13684702114293223, 0.15019459300205718, 0.1311508820876064, 0.1551915294864905, 0.13231888770672562, 0.13992814698568523, 0.13457614550997832, 0.17231689148341545, 0.14206234489832603, 0.14147630011254897, 0.12976167860918686, 0.1410947594379124, 0.1715152053362079, 0.12475962845624444, 0.15575272621648573, 0.15829195386952932, 0.14055023063967909, 0.12283195733756358, 0.14745517781353534, 0.09997514312437872, 0.11929337480053626, 0.1438798746164487, 0.13822394703952057, 0.18938257147481785, 0.14858510966246463, 0.14576886560108626, 0.1487093547187932, 0.1241320742059262, 0.14231094636143915, 0.14198364879229075, 0.1436395042670462, 0.15407087316707546, 0.14927779768060034, 0.10154040195933334, 0.15163868233165445, 0.13391048625254598, 0.09999667198117024, 0.13277540913068897, 0.13950931897640118, 0.12409382220151421, 0.1457178314466141, 0.160624680085645, 0.12841947531188502, 0.13802635510883476, 0.1352432666555412, 0.145551069626757, 0.14836432192562654, 0.14747712781758615, 0.13786244540405512, 0.16041156818022273, 0.10340982466364323, 0.13376264702738716, 0.11964853938247799, 0.1550052247433431, 0.10586512457681074, 0.10909391104300425, 0.14366512258867203, 0.16262135173607284, 0.08039493837588374, 0.13542325823223145, 0.14600123011014077, 0.148805355714261, 0.14186289381931338, 0.1354017223930679, 0.15429419807727918, 0.16492243898872516, 0.1996231519384839, 0.11277445916064899, 0.15114403826089706, 0.12153304180461788, 0.11628812492065599, 0.13694224783013098, 0.13052480993754578, 0.13886578942721606, 0.16870608954130972, 0.13729486384641731, 0.12240898253449828, 0.1341304309598801, 0.16509141311791709, 0.15776968680149217, 0.12546336773125333, 0.13467900429689728, 0.17511934572825538, 0.13381312994199135, 0.14407963696224257, 0.12227118359229472, 0.13098889363751454, 0.1723992312849809, 0.12809690885077885, 0.1359197103697518, 0.1550063419228085, 0.13694565228755629, 0.14486678470917091, 0.15768697509676421, 0.11346594988579106, 0.14329850177230163, 0.15011786776229563, 0.12607713914740337, 0.11574494785445388, 0.12824906391661095, 0.12982397496165632, 0.11948406998548577, 0.1757766834686425, 0.14214431316421994, 0.1533642343703594, 0.12884580679825497, 0.11603420656527064, 0.12600121136798492, 0.13591411087517535, 0.1383423199212821, 0.14543032898601638, 0.13764259146755187, 0.14169109035962535, 0.13141973132605678, 0.13994622067098383, 0.11097210029868165, 0.15692622071471618, 0.13840595394916555, 0.1550335334830173, 0.13312056981150633, 0.1172796518310193, 0.1535382762314068, 0.10951366844270716, 0.1361733828721583, 0.11981105334790954, 0.14123388539822201, 0.15252785061340823, 0.15615022197786388, 0.12574530340416779, 0.1447857502436154, 0.12654202104269885, 0.1321391074386522, 0.12660625481955812, 0.16193410813036735, 0.17547759027108611, 0.1774152083294389, 0.1404019402246881, 0.1248709634748657, 0.14921038435218215, 0.15983350498024151, 0.1337350758466549, 0.1184736862617175, 0.13092715513979059, 0.10805796595906436, 0.1341571146444256, 0.16789951499895217, 0.12312336478138342, 0.11040723672108754, 0.15514573284575128, 0.14343751821962591, 0.15219190372323865, 0.13758934647371568, 0.13218652398961872, 0.11176152907618508, 0.1594922018760201, 0.10833881532194667, 0.1321249115420784, 0.1465332809508464, 0.15729307893172262, 0.1348125267202036, 0.13744282324186763, 0.14252229062435262, 0.1338530466908079, 0.12318798773359063, 0.11272890139052016, 0.13208999600883864, 0.13484047641897767, 0.15322181677304947, 0.11810261069222783, 0.1500847676456889, 0.14547406950204866, 0.12598608020110014, 0.12652029190208935, 0.16101919290435163, 0.12807877599906625, 0.16741119475195987, 0.1413183603355428, 0.11310366585720821, 0.13257668164587422, 0.14167210933350383, 0.14803262472734602, 0.14065500709822487, 0.11724487006532058, 0.14114949167691115, 0.1555023144816463, 0.12199719532829967, 0.12304012756131577, 0.134692718409827, 0.11354206876169748, 0.1535252338961275, 0.13605346027138054, 0.15361471225398304, 0.15338617040966795, 0.15002783853206658, 0.17309493017527267, 0.15102009785646864, 0.1268905608239077, 0.12868546435040784, 0.16000735096738694, 0.13776993963684525, 0.1573902930223916, 0.141521955635886, 0.13084987167779083, 0.16388673828779154, 0.15601520422453952, 0.1311204661416614, 0.11185638092027261, 0.12827957651327893, 0.13042656686579157, 0.16962271618336722, 0.12946045027587516, 0.11254299794999412, 0.14984969360893885, 0.10383444363148797, 0.13840154439771268, 0.13292691263099954, 0.13756751259752953, 0.18383858822030952, 0.1340283262691031, 0.1367673761693382, 0.1440741789525628, 0.13534742122364385, 0.15579578135761452, 0.13932789748349705, 0.110549969627602, 0.1547010880684887, 0.13493919061707516, 0.09135146982322873, 0.13486933125361666, 0.11523126469364264, 0.11311529407847587, 0.14843388986694173, 0.17028342604177205, 0.15707449321441302, 0.1105284293785207, 0.12753193576019584, 0.1559506646933002, 0.10907341851716446, 0.1451299469896501, 0.14655932703460905, 0.16542444468417195, 0.1373462489569377, 0.1380518069560175, 0.1290924381300762, 0.15024755842540927, 0.13055291067604458, 0.14133991748931507, 0.1334588583686358, 0.1313315219223785, 0.1361858816849253, 0.14001678745893997, 0.1444605205589582, 0.14446987656949162, 0.11793207140930306, 0.13641531947777352, 0.12344135521660071, 0.11914670530637572, 0.14192203377229973, 0.15399685818999842, 0.17610997558760744, 0.13335924123963672, 0.1289696020428508, 0.10187601369566401, 0.12985473120634516, 0.14498938376325476, 0.12645847733326399, 0.136432435843167, 0.16207918821624112, 0.1410405313996428, 0.16174249531478146, 0.14898081499675264, 0.14091304064296928, 0.11726119926018441, 0.1356692166839224, 0.14237679968103123, 0.11807263720815087, 0.14493229148263254, 0.1149859842669887, 0.13349493334306395, 0.1582674251653753, 0.16261610981242036, 0.16774326458839184, 0.14124169536467512, 0.1247157556426437, 0.17205551522010865, 0.11166860840910253, 0.1589919715404413, 0.16874676406119704, 0.13218578459320973, 0.13771798968920557, 0.13719969559064538, 0.14414147468314198, 0.1722350525751466, 0.1526937076648931, 0.11152400165452647, 0.11690255525219762, 0.1608900708451646, 0.14758650409721064, 0.14914186376661576, 0.09669996467838793, 0.12904477793108882, 0.1751887817394966, 0.12287375344683404, 0.16906240474460255, 0.11809104494481026, 0.1535375570471249, 0.1337571636606718, 0.13718157266124997, 0.1224169747775985, 0.1695261033116484, 0.15655787598752902, 0.16050237024874647, 0.17767649418940756, 0.1486017949582834, 0.14160407824893895, 0.15470546748549374, 0.13295105326228374, 0.1691859894155705, 0.12204539757982502, 0.1166048963807782, 0.13467804954944462, 0.11273545893998893, 0.15188794050519583, 0.11631247134815936, 0.14572581156243558, 0.12787670248825478, 0.15848850910176893, 0.14902109556387977, 0.1422933827567654, 0.15427607597474413, 0.14115098663943293, 0.1317523571797672, 0.15872161998960443, 0.10676579539714304, 0.13668999164669593, 0.1414070570352628, 0.14757910057828916, 0.13395730636197456, 0.12717169940397532, 0.15113060564779346, 0.1660105140919974, 0.09407490052555012, 0.13443432325172466, 0.1788206528043439, 0.13183309691574152, 0.14131540127993247, 0.1413335091421022, 0.11437928195090663, 0.1360370550054153, 0.12399412606146498, 0.11717731745696192, 0.11100106685126576, 0.1456655055533833, 0.14375284138886713, 0.1576193556046377, 0.11973854509313853, 0.12290602523366623, 0.1136366729153373, 0.1414322126828953, 0.1444508415218646, 0.14137691597426638, 0.14843256578877906, 0.11276501237928649, 0.16497671480111542, 0.14292051622731705, 0.17846008533670954, 0.11250983572702822, 0.12296367573652667, 0.12559350774673028, 0.16052552599813374, 0.1578638613555281, 0.1606842985148358, 0.1663863295893684, 0.16974559857474425, 0.1345411836725905, 0.11523587122147383, 0.12648019912401054, 0.0638969884093914, 0.12673274966953585, 0.15321628342725546, 0.1433773867698651, 0.09990554100619242, 0.1232217283909236, 0.13996907875084474, 0.10823425173386347, 0.10137673627007082, 0.13681116445949293, 0.13787944049667722, 0.12042179735470704, 0.14214346131487687, 0.12109290359702207, 0.13040485940728175, 0.14073734947223926, 0.16945892591389544, 0.1273962532115931, 0.14593145784258077, 0.12552048867634902, 0.12577322701092264, 0.1461874800967955, 0.14277187072197606, 0.11493920200936536, 0.15429535825345475, 0.12485275197959744, 0.14567022967905174, 0.09445065906146688, 0.15957720012372079, 0.14083479618613381, 0.13396141015904384, 0.12963374098072755, 0.11946785655099568, 0.1559425923366753, 0.11592183080577811, 0.15366416912744718, 0.1564767044469928, 0.12616167729356143, 0.14004080167254962, 0.13425999768589492, 0.14914315660785427, 0.14618286732158126, 0.16177885656644975, 0.17773093978367704, 0.12067065202066374, 0.14253425069202308, 0.13800187675125386, 0.14603559477100525, 0.1502914789212575, 0.15188631471507819, 0.1076669395487766, 0.14449598586209333, 0.13192858231818327, 0.1396477220775001, 0.13296669744973677, 0.16243104352150795, 0.1481360505563405, 0.08467854915651074, 0.12749454479245692, 0.15692228559704624, 0.14157231250030478, 0.1296829042270886, 0.13211698287530993, 0.15443400867750867, 0.13168797089321238, 0.12354273080078038, 0.12191004614263612, 0.1428638123870538, 0.11792974223711461, 0.1429250687336392, 0.1187346336604076, 0.15735533191999096, 0.1379550459845209, 0.12307365397008674, 0.12768957529522318, 0.13981843261227667, 0.14585118776297357, 0.1310739477441878, 0.11894658024475113, 0.13410928062113214, 0.12414382186249995, 0.11837073192655723, 0.15742220503333826, 0.14814797571215088, 0.14172766806481363, 0.12772488220876888, 0.1369611435978193, 0.1371865613820571, 0.1174792164654459, 0.12644235136216686, 0.13170590088865275, 0.13934643531276336, 0.16048904861860436, 0.11711362389517532, 0.1186543286689421, 0.18094555828278303, 0.15960500503015673, 0.1318425341422813, 0.15142136005611917, 0.1457446896904493, 0.13615294142787882, 0.10610636992763034, 0.17191103598569235, 0.1488411106020724, 0.13656922601641064, 0.12643426210085096, 0.1190369189042908, 0.12488936643411108, 0.1678576420835931, 0.148622767430302, 0.14214088004232295, 0.1425790444436945, 0.13749650371519984, 0.14864809763722242, 0.15170961330541743, 0.10312577222963348, 0.13014915540221672, 0.12193351499626992, 0.16658165555670124, 0.10948087555045127, 0.14259776565209314, 0.13409786995586437, 0.15515538101341342, 0.10826223413953784, 0.1273516751784527, 0.14802384898864673, 0.14508719613292698, 0.14428603256111394, 0.09899970690576154, 0.14489641715951507, 0.11986534937242865, 0.09066815472031564, 0.14390044946077651, 0.13635895630374684, 0.13559866312572133, 0.18869133064508326, 0.15721531001114641, 0.15542476495453528, 0.1362550531010278, 0.17262001718435194, 0.11956587471688529, 0.13153650303974906, 0.14363836209804148, 0.15875283670332863, 0.18041854687695036, 0.1500025645516132, 0.17688583504451927, 0.11810096101504897, 0.14940586135923972, 0.1476837729443723, 0.14563384711277827, 0.1572699783063225, 0.15197299093693672, 0.1305419615822938, 0.1384809732852812, 0.1358852082664157, 0.15748795398484816, 0.13441942176812027, 0.16912805043051016, 0.13539229582383072, 0.1216817586036445, 0.13338311396834612, 0.14088821059435652, 0.103776016247906, 0.12632352095131338, 0.16217617519608396, 0.19268562722341365, 0.12544821818970675, 0.1386609450173335, 0.1521059080988696, 0.1551758830940777, 0.1387461251741886, 0.15413001018011308, 0.11718301066231973, 0.15642630348338216, 0.15597035057146869, 0.13953820247551008, 0.1415617327372658, 0.14496051937379306, 0.15841731757529587, 0.016391826369584805, 0.14104680818427262, 0.1293726149803227, 0.140001043680817, 0.11401986877955395, 0.1365239541560257, 0.07560739403024641, 0.15120346706357424, 0.13618278004193485, 0.1417517142503364, 0.1541256943394398, 0.14394652098646432, 0.11911905842203652, 0.17050386686498875, 0.14567482591707126, 0.1060229790953855, 0.13698123886346103, 0.12805195229959843, 0.14371376803705083, 0.15913358285757262, 0.11544685717847258, 0.15720118099834401, 0.1657616469312675, 0.1594223950640945, 0.13877832382986632, 0.15402841814241341, 0.1685907363515433, 0.12219237025591134, 0.13157436145889534, 0.16748716993800983], [0.111390885556375, 0.15346624790549868, 0.13475437754881625, 0.1532238420166152, 0.03944736510111113, 0.18218912036212487, 0.10650296021027827, 0.1314005883501892, 0.1278813574338642, 0.13014114131262033, 0.1332772151954913, 0.13636368190421422, 0.1357616954134926, 0.11557349511474513, 0.14455332326768655, 0.12225969692252647, 0.13247777730614985, 0.16028454439462791, 0.15665043587581806, 0.18423340345779593, 0.14541314761926571, 0.12294577975741561, 0.18758804721436206, 0.1250141769800308, 0.13923517284366937, 0.12789852801783752, 0.1293104447269826, 0.16199639097797558, 0.1758697890302301, 0.17099707512562645, 0.18781691717947524, 0.16864691786764752, 0.15313087134164505, 0.12883875825107793, 0.15203763794384884, 0.15059997681439086, 0.10951400948913204, 0.13281307850095914, 0.14459332623462728, 0.1498613049427746, 0.16653222122027955, 0.11710119338388836, 0.10675266470282452, 0.11829412874249101, 0.13485668556202768, 0.17135275813558337, 0.1268509526334327, 0.13510857345451655, 0.16586835784006837, 0.11492998676013144, 0.13449735534976526, 0.17512169003875044, 0.16536362892499312, 0.15876733172289903, 0.175948705719847, 0.17710760503010192, 0.13398370411849214, 0.18295029318588263, 0.13919130658904066, 0.11938783336410097, 0.13557745228324336, 0.12916473324803235, 0.13185850571191793, 0.1601041660164526, 0.15997087648631236, 0.14371337899011394, 0.1355231952257583, 0.14178533535971383, 0.12274929818997293, 0.15645646601137742, 0.14161007902293932, 0.17450740911212392, 0.2707346585718682, 0.15158547422896618, 0.11812205827261835, 0.14441794716398704, 0.13663469069858536, 0.14783347952295856, 0.1426287345979489, 0.14664342750219816, 0.1360979730569909, 0.20099170725549698, 0.17944904335843148, 0.12929430096707506, 0.13936125981631164, 0.19082417274807995, 0.16640217026652238, 0.18060736895483842, 0.15400565156119228, 0.15765314924102825, 0.14508534453285904, 0.14064227615952518, 0.20797588123733135, 0.15999256358465175, 0.11201229371020816, 0.12692545538871514, 0.17538256193040525, 0.1396546846410729, 0.1274444724941759, 0.1376811565214382, 0.15024754563071951, 0.1343036653820633, 0.1258542540285248, 0.14720118393353232, 0.15979935291674963, 0.18849738485694445, 0.17990297513865983, 0.15720082824915949, 0.1601974921638032, 0.17211807812100233, 0.16393879541953993, 0.1326265801491644, 0.17077911415196922, 0.17200489746765868, 0.15970436471813798, 0.12838483997204264, 0.12553934732237337, 0.153209654419598, 0.13784529497888798, 0.12168593177325704, 0.17828158575211717, 0.14306015043614195, 0.11082351201949336, 0.11776311099899317, 0.1789329587454489, 0.1310214620778538, 0.1369368653323022, 0.1171681211991853, 0.13211730229214425, 0.17164330252629156, 0.14215188828056569, 0.14861403544213658, 0.15494560180613348, 0.1201524231370712, 0.14788614537189915, 0.14108269817268138, 0.11419530926769994, 0.16453418472852377, 0.16865188743174997, 0.172716338291508, 0.14562468300646003, 0.1478530330995511, 0.1274778196977735, 0.13240247749327239, 0.1431333216409314, 0.11322198018319796, 0.17149057631648645, 0.10048147941695618, 0.13004849840805832, 0.12915235179053752, 0.14936456348482352, 0.12800456030454654, 0.15378754421303142, 0.16398031743186436, 0.14637019167879828, 0.17675746016173832, 0.11557247513340485, 0.18068885237781274, 0.13177688243031582, 0.13390972491968967, 0.1238622412307393, 0.18199892443954013, 0.14570040971302944, 0.14710140402193872, 0.18241203118979854, 0.13530871012432044, 0.15056640652161946, 0.1346927219673404, 0.1404239106426246, 0.13875767220520174, 0.15748551289250656, 0.14133496685593627, 0.18032596091931907, 0.12730043323777807, 0.1675085475830116, 0.17906360409202193, 0.1531315071168109, 0.11000197586047022, 0.1314201884112407, 0.143694684964089, 0.14077725355545567, 0.11950294272469364, 0.1342513208828109, 0.1603568309906649, 0.1364918307441485, 0.11147635844695003, 0.15025275009115546, 0.151159407670292, 0.15354514785767037, 0.17102457856715603, 0.1551561059667108, 0.14922932308968484, 0.14590351003762692, 0.17315155136368787, 0.1498464409357041, 0.1599936365210084, 0.15129154907621967, 0.1299537943171174, 0.14176664787316895, 0.12685173991719978, 0.1649370389497733, 0.11052273758905073, 0.13211313012143933, 0.1508171426338265, 0.1494438964343061, 0.0912955280717398, 0.14600833891655896, 0.13938112031175365, 0.14820590442437265, 0.14482981944470907, 0.1286282185827332, 0.15174361384941903, 0.14652770852129038, 0.17785792522668942, 0.1294055098296525, 0.12440195327718584, 0.14086773907909844, 0.14492031026783536, 0.15030185774966753, 0.15529061677597156, 0.18393406633876452, 0.1291394861286932, 0.1479925544123546, 0.13115937648724696, 0.11266949755179212, 0.17881387016099382, 0.1373211857286094, 0.17853828483487177, 0.17603457097743558, 0.30985301586279945, 0.11676963967862264, 0.14208351538874808, 0.13600821533519536, 0.11225185724742914, 0.1321527589639686, 0.16396857633020545, 0.1876424634941003, 0.14193097351395068, 0.13726868072303944, 0.12228434375305142, 0.1299877680570205, 0.166322370212157, 0.15877338488328974, 0.1436130370796036, 0.16876893650457703, 0.1583747025593425, 0.10951783832115325, 0.1493915608901517, 0.1785179151338241, 0.09949343459433635, 0.12858128524582924, 0.14767463272116288, 0.1250035789224171, 0.1821470855853704, 0.16160447559194324, 0.17409311090192148, 0.16510708582356415, 0.14742725378478383, 0.13151368502623484, 0.16180889145300625, 0.14354530724584436, 0.14090378643267343, 0.1558081187358198, 0.1296774488508987, 0.13721324576205518, 0.12144250014452496, 0.17597164670957, 0.10783914744820322, 0.10692265332525608, 0.14596728147432714, 0.16956754666132667, 0.09732052175941419, 0.12924925233491535, 0.159852955725583, 0.16645489598195695, 0.14233293301104766, 0.12848930904381461, 0.170519418520513, 0.17622666972596335, 0.1037201750689718, 0.1582188376371647, 0.1408542394359813, 0.12237529730586516, 0.11718176913790046, 0.13698217088949605, 0.13928298631498137, 0.13718284818803284, 0.15599521536945815, 0.1496770958173812, 0.12254416410202396, 0.1255975030537968, 0.15915744423530498, 0.1707474212616944, 0.12531624639970573, 0.14054645301644086, 0.16397466961102225, 0.12828470289443317, 0.1363802377334764, 0.14119761178621104, 0.1603475632173712, 0.1612577044981265, 0.1161717707175427, 0.13160905919940546, 0.14999746734847008, 0.12879826235403868, 0.14457944391189415, 0.16738146155236677, 0.11870428800993693, 0.14384237493312924, 0.1625200107844762, 0.12789639715643375, 0.12072043746312033, 0.12871981724813963, 0.1405796482545867, 0.12741330184923072, 0.1770193797227364, 0.15154411470470563, 0.16796420283077396, 0.1387176843687712, 0.11972633663307874, 0.13161089008679028, 0.15127124158823335, 0.1349562943539695, 0.1361509383884396, 0.1399313713641135, 0.13321533347378534, 0.12950780035961884, 0.14998267562970113, 0.11415420323334047, 0.15866239162058093, 0.12109203113975298, 0.13675566055434274, 0.12560163348368292, 0.1172618163771375, 0.14980266285915889, 0.1177703530090497, 0.13572892975459183, 0.12651232861432504, 0.1293408501542217, 0.14935747330940785, 0.15948310937797316, 0.12391921626614533, 0.1250529457679903, 0.1301742423070209, 0.15904637002475397, 0.12461214631399287, 0.15961248887975898, 0.19361618275181058, 0.1720804528665667, 0.13863673035385204, 0.11792191734180335, 0.18822230890181402, 0.17576749449298745, 0.14299959704992204, 0.10604974335501538, 0.11902385049185682, 0.12030852279860937, 0.12956534092865013, 0.1526780170303681, 0.13549094660690741, 0.11722884974871306, 0.1740360358593307, 0.13111189454797056, 0.14304106551536222, 0.1258800006735754, 0.14551406120430954, 0.11491653331253815, 0.15183515848620743, 0.16969281301170724, 0.12738440895876124, 0.15200809643302193, 0.15360386509802026, 0.16743193547911517, 0.12802174192205484, 0.14851595247239402, 0.13188039404234075, 0.11996459920540303, 0.10895743882842623, 0.15680458163880928, 0.14476179995320138, 0.1567966800013494, 0.14055589975943406, 0.14594800310290168, 0.1313614837656587, 0.12750193245831554, 0.11769791180370248, 0.1820962491288327, 0.14371063343514834, 0.1591826554098219, 0.13418231521907842, 0.12464961990635004, 0.13413188730753234, 0.14626422164803898, 0.14539867054783429, 0.12874487401110457, 0.12710770201876187, 0.13436897484429267, 0.1497430098848156, 0.1205343028298671, 0.10854687935261609, 0.17184955817701564, 0.1339344240374345, 0.1576161915585459, 0.12124560057858957, 0.16639762905059285, 0.1504939438832622, 0.1487286671251553, 0.1646304636777245, 0.1368853163165511, 0.15223798363977892, 0.13486542262232604, 0.1510106579551831, 0.12522489945320103, 0.1478805043425382, 0.1280091523624236, 0.13872967388938662, 0.14821991733349194, 0.1464590304392317, 0.12210186386954547, 0.11335696928192363, 0.1252431041471027, 0.172844778421549, 0.16443679388856935, 0.16164468724382175, 0.13299034173721225, 0.12186361207399443, 0.10119432715995913, 0.11981951152910142, 0.1631371439548417, 0.14684858878992202, 0.17684725869614226, 0.13487976186627293, 0.11934466847723968, 0.14549367492831777, 0.1452032940125747, 0.1385268002760256, 0.13325389623035733, 0.12027753326928803, 0.16682117836928967, 0.1515957737225193, 0.07112066412823026, 0.13785380404603131, 0.12296913635880458, 0.14095543533420596, 0.1473692867014904, 0.16908018798297064, 0.16089809020246548, 0.11317231023478769, 0.13628604525163723, 0.16415883776447515, 0.1232482690002854, 0.14127632477401164, 0.12847316208400628, 0.18598417302069947, 0.1512426773040545, 0.13031240677926803, 0.13997145878295214, 0.22871521737157252, 0.12696368718802375, 0.1405300649413732, 0.1320995767773212, 0.1307271329245765, 0.12112124118498002, 0.13251909840926146, 0.15461910053255679, 0.1336666365343575, 0.10932931622087949, 0.1366028049382635, 0.10987829398625593, 0.11038406397172196, 0.13393280213975345, 0.15219568453957777, 0.16947019812016606, 0.1386710548829626, 0.15379302764578995, 0.14179251823890127, 0.11487870267414735, 0.13530242203093223, 0.12849412802125926, 0.15852733854595158, 0.17308258704350976, 0.142462406503995, 0.15483776547549155, 0.14520913947005454, 0.12141740604016604, 0.1150162770915415, 0.11293102819169576, 0.12761757400491547, 0.13393874789220206, 0.1829393796827219, 0.12724271079076743, 0.13234130613781758, 0.15525515377156296, 0.1560341258375928, 0.15835876307075125, 0.14404284830197867, 0.12074949865714757, 0.17846515104631067, 0.11460897953514859, 0.14553110601423214, 0.17834321679124798, 0.14283024508924314, 0.1333308696699902, 0.14108562028631866, 0.1667429422135882, 0.18998878778307926, 0.14470276681063865, 0.12260694762505864, 0.1420389368235675, 0.14872975401027588, 0.13413748461361763, 0.15499796811486988, 0.10897975462231102, 0.14341128326603325, 0.20165144255743428, 0.13526845072074423, 0.16549381542078834, 0.13245883836871997, 0.1360278827984729, 0.17470429169168256, 0.1251898952362751, 0.13375412184373658, 0.16585604305539903, 0.17428214728019498, 0.15088043846844812, 0.1809801501528625, 0.1451965622943021, 0.12739106644080778, 0.14350617387125908, 0.14813348539234994, 0.15857593135849868, 0.11597964177983044, 0.12562206560372147, 0.17586007687130234, 0.10681599442786194, 0.1436906189817364, 0.1063405319485895, 0.15717377931845533, 0.11657291516317514, 0.16004306836528315, 0.1467142821356333, 0.13027665390237075, 0.21107755233983028, 0.13354841776192927, 0.12584127082837426, 0.15535214709494483, 0.10625180657281419, 0.12588318200442927, 0.1369617143638493, 0.14188032637368053, 0.13456037650631458, 0.12297209963330147, 0.17224595892191985, 0.19666354651100448, 0.09757842157620189, 0.12564989665946769, 0.17907015852203756, 0.1377182638114789, 0.1686913954228686, 0.12785923012454248, 0.11695471804901558, 0.14458207111476895, 0.13460435919355973, 0.15047233986507536, 0.12830413012777342, 0.1862306483337619, 0.126335999425379, 0.15800503521177234, 0.1399772372323298, 0.12750029197709978, 0.10727860377787124, 0.1514512008787392, 0.16699460092311824, 0.14713688840843986, 0.13975949147712186, 0.10900698534734943, 0.1842347325769964, 0.15154141965550139, 0.17845059393182794, 0.11131426279419543, 0.12864632063735826, 0.1478079443638194, 0.13835073684956, 0.15532958037977096, 0.15874554149505116, 0.1689002323562221, 0.16725010819567387, 0.12540564860223924, 0.12524395918875086, 0.121928686596803, 0.10938567519848164, 0.12815830380129967, 0.16350808475331746, 0.11672321240740757, 0.1150801610825738, 0.11344844548669641, 0.13195244611974033, 0.12403720890711156, 0.0921621547000484, 0.15929466422586813, 0.15600189582100654, 0.11819573744236322, 0.1535411635028936, 0.11443651956942347, 0.1570156454980065, 0.12025998214942035, 0.18005265873306087, 0.16219443642469855, 0.14568230592362852, 0.1457050982171353, 0.11362808256350831, 0.14599518776292086, 0.14113736370757124, 0.11150280534405965, 0.17168131555392563, 0.14437346432529807, 0.1334771834395525, 0.08563770281165262, 0.15256026683877622, 0.12606523402308767, 0.13108481979462283, 0.11796871647277385, 0.14936419244916976, 0.14467464451915646, 0.1280235700811687, 0.14336754732781287, 0.15230025297681493, 0.11499428820000901, 0.13044200158773833, 0.12832592013323563, 0.13484149521950428, 0.1410281303976859, 0.17477200718074926, 0.16267290482858243, 0.12931056095494853, 0.1337478687957656, 0.12780863408370635, 0.1700925553618049, 0.13735432330786068, 0.14764905994822186, 0.1083548304988966, 0.1389521172313266, 0.1263304981472828, 0.1586932716207201, 0.14387327323701982, 0.19788218042491224, 0.1651683063812044, 0.10590111472568253, 0.1218127996516074, 0.14445434790917488, 0.14234541866758832, 0.1084612334604742, 0.1327997995413739, 0.1393207890982211, 0.1245682328458031, 0.1131036183702463, 0.14505077607014982, 0.13689734859862313, 0.13038013362400136, 0.14556008822192723, 0.10768146334036999, 0.1596221096716448, 0.1351665040193808, 0.11535021562504255, 0.14723690422636082, 0.15618092117914273, 0.16084231451674214, 0.1599861067725925, 0.11645754741681458, 0.13531065434847278, 0.10653426214284423, 0.12044242746368639, 0.154732567464535, 0.146671573004312, 0.14902670394729967, 0.12919085881884484, 0.12547242089402744, 0.16332531586516552, 0.11340172529685333, 0.12456780553185354, 0.13313076179730388, 0.16688223650362488, 0.15105470664074971, 0.13063009083947463, 0.13533288722936732, 0.16515620892357674, 0.1697995887823538, 0.12989566720514745, 0.1459785296201943, 0.1351164631695525, 0.12097454071610514, 0.1146950177320889, 0.16126234627095926, 0.13896968271372145, 0.12354864482054495, 0.1617375671094834, 0.13238322052920637, 0.1372813532725985, 0.15309864753865554, 0.15182731644135572, 0.12955949742104167, 0.13890263919725498, 0.1320939553177709, 0.14909530359551582, 0.15230829906261079, 0.08909863027174936, 0.1083729566333318, 0.11536757579291645, 0.15355442774094286, 0.10287920790659655, 0.14316275230612518, 0.13384055530319472, 0.15187577794850426, 0.15404952266447935, 0.12309684289674294, 0.14258548203079613, 0.16360369097998273, 0.13840229703772877, 0.1417900579673841, 0.1387589724327114, 0.11946886831913162, 0.12224430159540134, 0.1446888907511834, 0.14358001473611637, 0.1548224260561426, 0.19062280818563693, 0.16695409968737351, 0.15709717086268427, 0.1248198634571196, 0.16432358650915546, 0.1099901484950152, 0.15169461768851988, 0.13799124554833497, 0.15737046488756334, 0.18819799212258204, 0.14659716152030455, 0.16507631503944253, 0.15226832414892044, 0.14178453336762686, 0.17794527637929036, 0.1370913820363171, 0.15286126064815164, 0.15255976047605202, 0.13804348367520447, 0.13430114377847246, 0.18398414352157033, 0.1732893998753866, 0.1382845562224162, 0.16962455928764086, 0.11803893505523888, 0.13577150233457758, 0.13942786585687372, 0.13095753981342284, 0.10007849188089324, 0.1264297033349635, 0.18094398628875297, 0.2179273209378607, 0.12730588452002678, 0.172605176721234, 0.16843139962594478, 0.17555012417165017, 0.1390840876864985, 0.1466794387260535, 0.11815591393643388, 0.1744244884445152, 0.17096931556334027, 0.1761527485961949, 0.16717365708500154, 0.1289940713163702, 0.1719478799481351, 0.01120306096102297, 0.13869810407972238, 0.13703975959410286, 0.13971724900139293, 0.10710936959037554, 0.1312870687311829, 0.1032906659573598, 0.13804700862095842, 0.13709202848852442, 0.14863636194186824, 0.17827111352799818, 0.13288408116967787, 0.11015747057238912, 0.19468178396115832, 0.13596110010129792, 0.12070682619960849, 0.13363919001626812, 0.1256231769315974, 0.13083047208496623, 0.1531140125539565, 0.10738056756592584, 0.15231634153340678, 0.17628783055369013, 0.15997044712533182, 0.12892363982211918, 0.15280476812229438, 0.15806014268643764, 0.09988855541847386, 0.13597555853345966, 0.17001584856201646], {14: Parameter containing:
tensor([1.1426], requires_grad=True)}, {14: Parameter containing:
tensor([12.6485], requires_grad=True)}, 0.00019223198756749852, 0.010298880456541547]