[[990, 797, 452, 120, 8, 93, 933, 966, 962, 827, 597, 36, 688, 710, 86, 101, 785, 364, 243, 18, 32, 808, 17, 355, 664, 639, 496, 631, 475, 153, 94, 188, 731, 118, 866, 15, 516, 499, 902, 256, 67, 684, 555, 935, 478, 71, 616, 692, 92, 528, 593, 48, 277, 845, 570, 65, 661, 310, 493, 871, 983, 273, 961, 672, 205, 465, 898, 543, 682, 20, 521, 73, 6, 342, 148, 728, 485, 674, 387, 172, 56, 79, 602, 509, 168, 78, 571, 221, 926, 28, 977, 790, 114, 994, 145, 687, 313, 466, 41, 427, 284, 679, 826, 42, 182, 279, 159, 308, 868, 894, 798, 854, 476, 43, 577, 396, 783, 358, 508, 350, 1000, 837, 480, 488, 47, 802, 483, 879, 610, 175, 451, 752, 800, 532, 835, 449, 303, 282, 127, 999, 191, 901, 447, 788, 123, 907, 106, 850, 497, 386, 838, 873, 673, 262, 657, 197, 354, 111, 720, 717, 830, 161, 595, 276, 891, 738, 332, 813, 806, 458, 993, 929, 81, 405, 220, 49, 294, 823, 39, 225, 519, 90, 812, 841, 325, 904, 472, 68, 600, 264, 75, 706, 437, 207, 104, 407, 200, 722, 471, 513, 234, 203, 703, 534, 389, 505, 729, 31, 459, 83, 953, 979, 349, 765, 638, 248, 950, 366, 607, 425, 794, 77, 632, 218, 202, 561, 906, 514, 136, 261, 51, 693, 371, 699, 296, 805, 418, 377, 240, 293, 9, 646, 939, 124, 37, 224, 705, 809, 754, 189, 330, 300, 372, 280, 181, 468, 701, 4, 660, 245, 947, 455, 554, 611, 363, 420, 586, 942, 714, 527, 456, 382, 889, 412, 131, 109, 481, 500, 100, 572, 263, 541, 774, 344, 402, 590, 711, 416, 193, 311, 982, 346, 477, 917, 888, 726, 164, 924, 227, 875, 269, 920, 948, 801, 238, 44, 650, 102, 91, 869, 460, 921, 89, 194, 140, 356, 972, 103, 930, 16, 828, 899, 162, 309, 52, 24, 694, 414, 668, 134, 695, 166, 941, 158, 304, 764, 583, 566, 588, 986, 625, 793, 5, 777, 681, 732, 146, 581, 789, 163, 439, 779, 128, 80, 431, 716, 923, 865, 232, 511, 228, 753, 257, 173, 975, 138, 415, 957, 201, 613, 352, 295, 253, 956, 862, 147, 569, 84, 890, 424, 981, 997, 463, 538, 896, 601, 895, 642, 913, 643, 13, 863, 208, 400, 989, 368, 651, 33, 556, 126, 331, 196, 464, 249, 195, 122, 680, 155, 520, 916, 266, 723, 442, 338, 881, 704, 747, 14, 438, 995, 74, 796, 626, 733, 715, 271, 707, 393, 825, 251, 659, 489, 893, 69, 137, 531, 892, 782, 859, 461, 34, 636, 967, 502, 448, 35, 398, 858, 323, 288, 653, 937, 612, 112, 874, 760, 436, 462, 525, 772, 317, 749, 1, 596, 178, 98, 665, 115, 739, 776, 10, 186, 226, 395, 928, 758, 217, 255, 216, 724, 299, 337, 725, 515, 564, 708, 397, 787, 241, 864, 565, 11, 621, 291, 64, 388, 575, 761, 748, 215, 108, 22, 365, 795, 58, 479, 952, 766, 38, 552, 88, 683, 735, 392, 885, 978, 66, 435, 645, 965, 177, 914, 584, 851, 319, 550, 784, 422, 247, 524, 912, 970, 119, 568, 980, 151, 125, 229, 235, 903, 781, 591, 450, 160, 609, 973, 666, 258, 756, 423, 670, 709, 971, 53, 430, 949, 180, 791, 656, 919, 362, 190, 384, 318, 628, 938, 884, 608, 347, 698, 662, 647, 380, 751, 25, 21, 428, 270, 969, 549, 454, 727, 482, 852, 373, 275, 618, 206, 105, 908, 260, 876, 832, 690, 536, 446, 633, 627, 265, 936, 283, 872, 573, 932, 26, 533, 23, 82, 537, 132, 351, 504, 629, 165, 187, 204, 467, 557, 833, 931, 743, 434, 116, 443, 721, 689, 630, 587, 417, 963, 807, 759, 142, 697, 453, 882, 367, 129, 457, 507, 353, 658, 510, 231, 230, 139, 290, 55, 487, 944, 768, 399, 740, 847, 535, 320, 996, 635, 988, 843, 369, 985, 737, 589, 171, 359, 473, 219, 620, 762, 713, 328, 624, 244, 984, 803, 302, 130, 745, 426, 741, 237, 394, 954, 210, 696, 409, 495, 775, 491, 530, 816, 773, 945, 848, 97, 976, 974, 669, 341, 637, 763, 870, 622, 574, 558, 712, 652, 846, 585, 750, 742, 730, 110, 744, 441, 199, 757, 61, 667, 780, 40, 675, 406, 360, 222, 183, 121, 553, 799, 849, 292, 501, 623, 59, 634, 840, 27, 663, 154, 855, 834, 844, 99, 946, 95, 198, 605, 922, 853, 192, 542, 374, 905, 814, 278, 113, 614, 233, 254, 336, 246, 887, 404, 185, 474, 314, 60, 324, 184, 7, 345, 298, 272, 526, 413, 12, 909, 383, 544, 315, 429, 619, 45, 326, 259, 494, 375, 964, 915, 824, 506, 567, 958, 655, 734, 771, 559, 307, 57], [242, 370, 211, 951, 842, 432, 179, 599, 209, 943, 62, 361, 548, 157, 512, 563, 484, 927, 143, 135, 50, 640, 170, 149, 560, 72, 968, 334, 176, 2, 685, 691, 63, 654, 819, 152, 223, 992, 444, 401, 755, 333, 213, 769, 391, 287, 551, 648, 312, 433, 327, 702, 592, 156, 546, 96, 267, 285, 421, 410, 579, 900, 539, 117, 719, 385, 281, 934, 305, 918, 408, 54, 883, 998, 239, 503, 778, 390, 316, 3, 76, 492, 991, 306, 440, 700, 736, 860, 411, 644, 490, 839, 289, 606, 379, 671, 615, 910, 212, 174, 867, 582, 469, 770, 486, 676, 29, 878, 677, 107, 911, 376, 877, 960, 144, 603, 340, 925, 297, 817, 598, 339, 886, 301, 678, 804, 522, 286, 810, 547, 617, 792, 348, 523, 343, 329, 470, 274, 87, 540, 604, 880, 562, 856, 252, 811, 381, 141, 30, 718, 822, 46, 214, 836, 321, 529, 940, 445, 861, 955, 815, 268, 498, 594, 821, 357, 517, 85, 19, 818, 959, 578, 236, 167, 987, 786, 686, 746, 70, 150, 545, 250, 169, 820, 518, 403, 335, 133, 576, 580, 857, 831, 897, 767, 641, 378, 419, 649, 829, 322], [0.0002596193753179635, 0.0010327616636000507, 0.0002955624636238213, 0.0003428438421052927, 0.0005418496545720923, 0.0006543242228804843, 0.0006637576868434323, 0.0005915596476993305, 0.0004668285600825705, 0.0003344659286029423, 0.0002610225272056134, 0.00030238473713896244, 0.0004125461738141079, 0.00044777822538776544, 0.00037382819175660803, 0.0002872375231594493, 0.00025950611075579083, 0.00028523974506714693, 0.0003258667855529184, 0.000350944046837193, 0.0003486971274045175, 0.0003226696086422008, 0.00028723373526925967, 0.00026238869574985444, 0.000263400866957256, 0.00028628693194924663, 0.0003059394012638505, 0.0003013610467653163, 0.0002792600968518824, 0.00026181353654101535, 0.00026088875491593367, 0.0002715166304641718, 0.000281967004563507, 0.0002840145511403575, 0.00027685063285224823, 0.00026606303925822284, 0.00025955050428082895, 0.0002616138073907956, 0.00026878709215752606, 0.00027280657692968627, 0.00026949108681290567, 0.0002628260439734738, 0.00025929715991228916, 0.0002609356646113641, 0.0002647385389527499, 0.00026664403247723706, 0.00026505472442999773, 0.0002615948800314562, 0.0002593447083655772, 0.0002600005893097689, 0.00026227281474733007, 0.0002633510272429461, 0.00026208035835843747, 0.00026001030898125483, 0.0002592351115197238, 0.0002601035125792335, 0.0002612878259277007, 0.00026144639153819334, 0.00026048722278977106, 0.00025944004265881756, 0.0002592938942420287, 0.00025997484441078294, 0.00026052572287305753, 0.0002602788987375721, 0.0002595775907943954, 0.00025921444875363057, 0.0002594604271420055, 0.00025987921868508493, 0.00025993991592105004, 0.00025959669844278425, 0.0002592541646670174, 0.0002592583369282503, 0.0002595137286364397, 0.0002596503737628079], {'Geodset': Geometry(Si64, Si64, ..., Si64, Si64, pbc=[True, True, True]), 'GeoSi64': Geometry(Si64, pbc=[True, True, True]), 'formation_energy': tensor([0.1009, 0.1555, 0.1285, 0.1556, 0.0544, 0.1464, 0.1060, 0.1357, 0.1237,
        0.1507, 0.1346, 0.1299, 0.1430, 0.1335, 0.1601, 0.1175, 0.1368, 0.1590,
        0.1576, 0.1345, 0.1441, 0.1277, 0.1466, 0.1145, 0.1443, 0.1413, 0.1338,
        0.1677, 0.1651, 0.1420, 0.1443, 0.1561, 0.1572, 0.1133, 0.1543, 0.1034,
        0.1103, 0.1451, 0.1607, 0.1406, 0.1533, 0.1273, 0.1198, 0.1203, 0.1430,
        0.1578, 0.1402, 0.1355, 0.1366, 0.1250, 0.1383, 0.1222, 0.1478, 0.1652,
        0.1499, 0.1742, 0.1401, 0.1550, 0.1464, 0.1201, 0.1233, 0.1265, 0.1209,
        0.1651, 0.1426, 0.1667, 0.1242, 0.1337, 0.1336, 0.0914, 0.1462, 0.1631,
        0.1612, 0.1530, 0.1216, 0.1431, 0.1480, 0.1457, 0.1410, 0.1167, 0.1227,
        0.1716, 0.1791, 0.1308, 0.1489, 0.1563, 0.1386, 0.1705, 0.1361, 0.1308,
        0.1420, 0.1530, 0.1841, 0.1571, 0.1079, 0.1307, 0.1310, 0.1576, 0.0902,
        0.1460, 0.1351, 0.1317, 0.1477, 0.1154, 0.1500, 0.1689, 0.1464, 0.1475,
        0.1752, 0.1692, 0.1716, 0.1495, 0.1668, 0.1499, 0.1658, 0.1415, 0.1262,
        0.1389, 0.1399, 0.1362, 0.1742, 0.1324, 0.1240, 0.1227, 0.1266, 0.1247,
        0.1532, 0.1132, 0.1486, 0.1492, 0.1413, 0.1421, 0.1579, 0.1419, 0.1454,
        0.1468, 0.1240, 0.1444, 0.1485, 0.1672, 0.1356, 0.1563, 0.1301, 0.1317,
        0.1202, 0.1202, 0.1661, 0.1077, 0.1392, 0.1289, 0.1452, 0.1365, 0.1534,
        0.1562, 0.1560, 0.1643, 0.1089, 0.1389, 0.1230, 0.1398, 0.1200, 0.1766,
        0.1570, 0.1321, 0.1754, 0.1383, 0.1275, 0.1407, 0.1600, 0.1534, 0.1635,
        0.1528, 0.1454, 0.1210, 0.1470, 0.1426, 0.1408, 0.1145, 0.1145, 0.1424,
        0.1434, 0.0988, 0.1411, 0.1698, 0.1503, 0.1213, 0.1393, 0.1249, 0.1469,
        0.1528, 0.1166, 0.1423, 0.1614, 0.1621, 0.1381, 0.1536, 0.1315, 0.1182,
        0.1368, 0.1499, 0.1347, 0.1135, 0.1535, 0.1361, 0.1536, 0.1534, 0.1500,
        0.1731, 0.1510, 0.1269, 0.1287, 0.1600, 0.1378, 0.1574, 0.1415, 0.1308,
        0.1639, 0.1560, 0.1311, 0.1119, 0.1283, 0.1304, 0.1696, 0.1295, 0.1125,
        0.1498, 0.1038, 0.1384, 0.1329, 0.1376, 0.1838, 0.1340, 0.1368, 0.1441,
        0.1353, 0.1558, 0.1393, 0.1105, 0.1547, 0.1349, 0.0914, 0.1349, 0.1152,
        0.1131, 0.1484, 0.1703, 0.1571, 0.1105, 0.1275, 0.1560, 0.1091, 0.1451,
        0.1466, 0.1654, 0.1373, 0.1381, 0.1291, 0.1502, 0.1306, 0.1413, 0.1335,
        0.1313, 0.1362, 0.1400, 0.1445, 0.1445, 0.1179, 0.1364, 0.1234, 0.1191,
        0.1419, 0.1540, 0.1761, 0.1334, 0.1290, 0.1019, 0.1299, 0.1450, 0.1265,
        0.1364, 0.1621, 0.1410, 0.1617, 0.1490, 0.1409, 0.1173, 0.1357, 0.1424,
        0.1181, 0.1449, 0.1150, 0.1335, 0.1583, 0.1626, 0.1677, 0.1412, 0.1247,
        0.1721, 0.1117, 0.1590, 0.1687, 0.1322, 0.1377, 0.1372, 0.1441, 0.1722,
        0.1527, 0.1115, 0.1169, 0.1609, 0.1476, 0.1491, 0.0967, 0.1290, 0.1752,
        0.1229, 0.1691, 0.1181, 0.1535, 0.1338, 0.1372, 0.1224, 0.1695, 0.1566,
        0.1605, 0.1777, 0.1486, 0.1416, 0.1547, 0.1330, 0.1692, 0.1220, 0.1166,
        0.1347, 0.1127, 0.1519, 0.1163, 0.1457, 0.1279, 0.1585, 0.1490, 0.1423,
        0.1543, 0.1412, 0.1318, 0.1587, 0.1068, 0.1367, 0.1414, 0.1476, 0.1340,
        0.1272, 0.1511, 0.1660, 0.0941, 0.1344, 0.1788, 0.1318, 0.1413, 0.1413,
        0.1144, 0.1360, 0.1240, 0.1172, 0.1110, 0.1457, 0.1438, 0.1576, 0.1197,
        0.1229, 0.1136, 0.1414, 0.1445, 0.1414, 0.1484, 0.1128, 0.1650, 0.1429,
        0.1785, 0.1125, 0.1230, 0.1256, 0.1605, 0.1579, 0.1607, 0.1664, 0.1697,
        0.1345, 0.1152, 0.1265, 0.0639, 0.1267, 0.1532, 0.1434, 0.0999, 0.1232,
        0.1400, 0.1082, 0.1014, 0.1368, 0.1158, 0.1612, 0.1672, 0.1228, 0.1473,
        0.1390, 0.1298, 0.1504, 0.1518, 0.1705, 0.1303, 0.1282, 0.1569, 0.1351,
        0.1392, 0.1613, 0.1178, 0.0745, 0.1444, 0.1370, 0.1390, 0.1351, 0.1395,
        0.1590, 0.1279, 0.1568, 0.1263, 0.1580, 0.1304, 0.1215, 0.1321, 0.1248,
        0.1673, 0.1159, 0.1347, 0.1400, 0.1699, 0.1195, 0.1484, 0.1477, 0.0904,
        0.1416, 0.1260, 0.1418, 0.1378, 0.1020, 0.1206, 0.1225, 0.1338, 0.1578,
        0.1119, 0.1407, 0.1290, 0.1743, 0.1540, 0.1363, 0.1694, 0.1526, 0.1103,
        0.1754, 0.1651, 0.1380, 0.0000, 0.1490, 0.1357, 0.1289, 0.1408, 0.1536,
        0.1357, 0.1451, 0.1070, 0.1543, 0.1205, 0.1559, 0.1419, 0.1510, 0.1407,
        0.1511, 0.1563, 0.1383, 0.1373, 0.1433, 0.1426, 0.1218, 0.1214, 0.1196,
        0.1256, 0.1296, 0.1610, 0.1196, 0.1266, 0.0971, 0.1315, 0.1365, 0.1412,
        0.1498, 0.1615, 0.1311, 0.1286, 0.1652, 0.1215, 0.1362, 0.1651, 0.1239,
        0.1913, 0.1291, 0.1497, 0.1557, 0.1413, 0.1194, 0.1144, 0.1320, 0.1452,
        0.1550, 0.1276, 0.1605, 0.1774, 0.1577, 0.1259, 0.1443, 0.1516, 0.1352,
        0.1083, 0.1058, 0.1375, 0.0998, 0.1336, 0.1394, 0.1365, 0.1103, 0.1123,
        0.1552, 0.1373, 0.1730, 0.1426, 0.1369, 0.1214, 0.1232, 0.1329, 0.1457,
        0.1170, 0.1166, 0.1492, 0.1655, 0.1497, 0.1502, 0.1409, 0.1095, 0.1314,
        0.1255, 0.1767, 0.1248, 0.1701, 0.1145, 0.1187, 0.1507, 0.1256, 0.1590,
        0.1547, 0.1298, 0.1333, 0.1492, 0.1216, 0.1541, 0.1339, 0.1305, 0.1272,
        0.1424, 0.1303, 0.1629, 0.1493, 0.1444, 0.1537, 0.1438, 0.1582, 0.1019,
        0.1547, 0.1691, 0.1361, 0.1166, 0.1225, 0.1398, 0.1424, 0.1165, 0.1482,
        0.1216, 0.1289, 0.1578, 0.1596, 0.1409, 0.1171, 0.1478, 0.1495, 0.1560,
        0.1344, 0.1283, 0.1615, 0.1332, 0.1375, 0.1364, 0.1379, 0.1204, 0.1421,
        0.1211, 0.1304, 0.1407, 0.1695, 0.1274, 0.1459, 0.1255, 0.1258, 0.1462,
        0.1428, 0.1149, 0.1543, 0.1249, 0.1457, 0.0945, 0.1596, 0.1408, 0.1340,
        0.1296, 0.1195, 0.1559, 0.1159, 0.1537, 0.1565, 0.1262, 0.1400, 0.1343,
        0.1491, 0.1462, 0.1618, 0.1777, 0.1207, 0.1425, 0.1380, 0.1460, 0.1503,
        0.1519, 0.1077, 0.1445, 0.1319, 0.1396, 0.1330, 0.1624, 0.1481, 0.0847,
        0.1275, 0.1569, 0.1416, 0.1297, 0.1321, 0.1544, 0.1317, 0.1235, 0.1219,
        0.1429, 0.1179, 0.1429, 0.1187, 0.1574, 0.1380, 0.1231, 0.1277, 0.1398,
        0.1459, 0.1311, 0.1189, 0.1341, 0.1241, 0.1184, 0.1574, 0.1481, 0.1417,
        0.1277, 0.1370, 0.1372, 0.1175, 0.1264, 0.1317, 0.1393, 0.1605, 0.1171,
        0.1187, 0.1809, 0.1596, 0.1318, 0.1514, 0.1457, 0.1362, 0.1061, 0.1719,
        0.1488, 0.1366, 0.1264, 0.1190, 0.1249, 0.1679, 0.1486, 0.1421, 0.1426,
        0.1375, 0.1486, 0.1517, 0.1031, 0.1301, 0.1219, 0.1666, 0.1095, 0.1426,
        0.1341, 0.1552, 0.1083, 0.1274, 0.1480, 0.1451, 0.1443, 0.0990, 0.1449,
        0.1199, 0.0907, 0.1439, 0.1364, 0.1356, 0.1887, 0.1572, 0.1554, 0.1363,
        0.1726, 0.1196, 0.1315, 0.1436, 0.1588, 0.1804, 0.1500, 0.1769, 0.1181,
        0.1494, 0.1477, 0.1456, 0.1573, 0.1520, 0.1305, 0.1385, 0.1359, 0.1575,
        0.1344, 0.1691, 0.1354, 0.1217, 0.1334, 0.1409, 0.1038, 0.1263, 0.1622,
        0.1927, 0.1254, 0.1387, 0.1521, 0.1552, 0.1387, 0.1541, 0.1172, 0.1564,
        0.1560, 0.1395, 0.1416, 0.1450, 0.1584, 0.0164, 0.1410, 0.1294, 0.1400,
        0.1140, 0.1365, 0.0756, 0.1512, 0.1362, 0.1418, 0.1541, 0.1439, 0.1191,
        0.1705, 0.1457, 0.1060, 0.1370, 0.1281, 0.1437, 0.1591, 0.1154, 0.1572,
        0.1658, 0.1594, 0.1388, 0.1540, 0.1686, 0.1222, 0.1316, 0.1675]), 'elec_energy_defects': tensor([-88.1798, -88.1621, -88.1651, -88.1610, -88.2469, -88.1130, -88.1891,
        -88.1758, -88.1728, -88.1922, -88.1717, -88.1658, -88.1741, -88.1962,
        -88.1746, -88.1766, -88.1757, -88.1547, -88.1577, -88.1009, -88.1628,
        -88.1838, -88.1043, -88.1700, -88.1708, -88.1858, -88.1793, -88.1556,
        -88.1350, -88.1246, -88.1039, -88.1398, -88.1618, -88.1665, -88.1613,
        -88.1250, -88.1870, -88.1843, -88.1758, -88.1541, -88.1404, -88.1883,
        -88.1994, -88.1838, -88.1772, -88.1358, -88.1879, -88.1712, -88.1290,
        -88.1915, -88.1736, -88.1058, -88.1353, -88.1615, -88.1216, -88.1425,
        -88.1812, -88.1183, -88.1721, -88.1826, -88.1610, -88.1734, -88.1639,
        -88.1578, -88.1421, -88.1845, -88.1616, -88.1586, -88.1864, -88.1099,
        -88.1707, -88.1367, -89.4300, -88.1589, -88.1829, -88.1647, -88.1758,
        -88.1607, -88.1630, -88.1400, -88.1604, -88.1034, -88.1443, -88.1749,
        -88.1744, -88.1062, -88.1276, -88.1335, -88.1454, -88.1334, -88.1635,
        -88.1752, -88.1030, -88.1551, -88.1828, -88.1773, -88.1105, -88.1820,
        -88.1486, -88.1770, -88.1528, -88.1699, -88.1949, -88.1386, -88.1457,
        -88.1192, -88.1178, -88.1487, -88.1644, -88.1434, -88.1587, -88.1887,
        -88.1440, -88.1279, -88.1615, -88.1862, -88.1767, -88.1480, -88.1706,
        -88.1941, -88.1388, -88.1581, -88.1976, -88.1861, -88.1028, -88.1688,
        -88.1810, -88.1796, -88.1842, -88.1312, -88.1653, -88.1569, -88.1595,
        -88.1965, -88.1606, -88.1713, -88.1920, -88.1355, -88.1319, -88.1419,
        -88.1582, -88.1682, -88.1776, -88.1724, -88.1471, -88.1913, -88.1414,
        -88.1996, -88.1834, -88.1740, -88.1582, -88.1799, -88.1584, -88.1473,
        -88.1684, -88.1324, -88.1799, -88.1096, -88.1674, -88.1777, -88.1763,
        -88.1399, -88.1719, -88.1491, -88.1344, -88.1748, -88.1443, -88.1761,
        -88.1824, -88.1785, -88.1638, -88.1741, -88.1146, -88.1706, -88.1348,
        -88.1150, -88.1486, -88.1914, -88.1609, -88.1621, -88.1689, -88.1675,
        -88.1775, -88.1633, -88.1799, -88.1932, -88.1522, -88.1393, -88.1543,
        -88.1350, -88.1311, -88.1593, -88.1737, -88.1379, -88.1495, -88.1495,
        -88.1449, -88.1629, -88.1632, -88.1929, -88.1171, -88.1563, -88.1529,
        -88.1901, -88.1389, -88.1618, -88.1656, -88.1545, -88.1794, -88.1400,
        -88.1667, -88.1683, -88.1890, -88.1684, -88.1857, -88.1625, -88.1736,
        -88.1714, -88.1859, -88.1823, -88.1792, -88.1137, -88.1555, -88.1303,
        -88.1577, -88.2008, -88.1967, -88.1939, -88.1300, -88.1564, -88.1500,
        -88.1709, -88.1943, -88.1613, -88.1556, -88.1809, -88.1763, -88.1733,
        -88.1405, -88.1453, -88.2298, -88.1664, -88.1728, -88.1450, -88.1643,
        -88.1482, -88.1539, -88.1835, -88.1657, -88.1459, -88.1696, -88.1738,
        -88.1883, -88.1200, -88.1487, -88.1785, -88.1583, -89.4713, -88.1799,
        -88.1667, -88.1772, -88.1737, -88.1938, -88.1773, -88.1497, -88.1786,
        -88.1945, -88.1702, -88.1966, -88.1933, -88.1762, -88.1622, -88.1508,
        -88.1647, -88.1417, -88.1362, -88.1959, -88.1804, -88.1748, -88.1381,
        -88.1400, -88.1655, -88.1664, -88.1652, -88.1966, -88.1854, -88.2010,
        -88.1844, -88.1607, -88.1104, -88.1680, -88.1727, -88.1596, -88.1602,
        -88.1614, -88.1598, -88.1815, -88.1378, -88.1834, -88.1729, -88.1354,
        -88.1568, -88.1770, -88.1635, -88.1334, -88.1181, -88.1704, -88.1705,
        -88.1487, -88.1712, -88.1811, -88.1520, -88.1803, -88.1553, -88.1076,
        -88.1608, -88.1556, -88.1599, -88.1817, -88.1128, -88.1876, -88.1619,
        -88.1551, -88.1316, -88.1691, -88.1383, -88.1692, -88.1844, -88.1720,
        -88.1514, -88.1666, -88.1876, -88.1704, -88.1130, -88.1943, -88.1696,
        -88.1980, -88.1478, -88.1906, -88.1484, -88.1638, -88.1820, -89.4958,
        -88.1785, -88.1813, -88.1592, -88.1898, -88.1856, -88.1729, -88.1699,
        -88.1699, -88.1807, -88.1286, -88.1063, -88.1946, -88.1838, -88.1405,
        -88.1654, -88.1282, -88.1847, -88.1825, -88.1603, -88.1642, -88.1351,
        -88.1637, -88.1073, -88.1867, -88.1541, -88.1532, -88.1693, -88.1947,
        -88.1519, -88.1332, -88.1575, -88.1734, -88.1896, -88.1214, -88.1529,
        -88.1408, -88.1861, -88.1716, -88.1445, -88.1869, -88.1619, -88.1572,
        -88.1475, -88.1510, -88.1849, -88.1709, -88.1829, -88.1553, -88.1735,
        -88.1437, -88.2041, -88.1736, -88.1914, -88.1806, -88.1680, -88.2054,
        -88.1371, -88.1577, -88.1382, -88.1865, -88.1564, -88.1469, -88.1498,
        -88.1752, -88.1151, -88.1678, -88.1611, -88.1300, -88.1606, -88.1711,
        -88.1427, -88.1787, -88.1520, -88.1873, -88.1395, -88.1711, -88.1489,
        -88.1355, -88.1677, -88.1700, -88.1580, -88.1905, -88.1569, -88.1679,
        -88.1553, -88.1956, -88.1413, -88.1752, -88.1861, -88.1366, -88.1379,
        -88.1170, -88.1945, -88.1330, -88.1774, -88.1651, -88.1833, -88.1694,
        -88.1801, -88.1671, -88.1694, -88.1750, -88.1679, -88.2006, -88.1651,
        -88.1922, -88.1446, -88.1928, -88.1773, -88.1715, -88.0982, -88.1757,
        -88.1673, -88.1779, -88.1856, -88.1936, -88.1631, -88.1484, -88.1717,
        -88.2636, -88.1724, -88.1415, -88.1471, -88.1697, -88.1198, -88.1746,
        -88.1750, -88.2103, -88.1327, -88.1755, -88.1768, -88.1646, -88.1709,
        -88.1253, -88.1436, -88.1225, -88.1589, -88.1685, -88.1357, -88.1585,
        -88.1919, -88.1725, -88.1782, -88.1943, -88.1733, -88.1452, -88.1704,
        -88.1604, -88.1907, -88.1718, -88.1395, -88.1434, -88.1497, -88.1629,
        -88.1676, -88.1807, -88.1246, -88.1420, -88.1280, -88.1619, -88.1739,
        -88.1333, -88.1912, -88.1690, -88.1672, -88.1631, -88.1860, -88.1848,
        -88.1889, -88.1633, -88.1446, -88.1767, -88.1651, -88.1414, -88.1835,
        -88.1729, -88.1820, -88.1365, -88.1673, -88.1986, -88.2025, -88.1803,
        -88.1757, -88.1763, -88.1868, -88.1664, -88.1898, -88.1733, -88.1502,
        -88.1664, -88.1267, -88.1712, -88.1445, -88.1418, -88.1729, -88.1191,
        -88.1850, -88.1786, -88.1813, -88.1677, -88.1269, -88.1894, -88.1597,
        -88.1708, -88.1703, -88.1734, -88.1879, -88.1640, -88.1883, -88.1518,
        -88.1822, -88.1896, -88.1757, -88.1489, -88.1787, -88.1723, -88.1595,
        -88.1464, -88.1525, -88.1763, -88.1642, -88.1710, -88.1748, -88.1770,
        -88.1903, -88.1773, -88.1614, -88.1786, -88.1614, -88.1590, -88.1577,
        -88.1380, -88.1190, -88.1788, -88.1449, -88.1524, -88.1675, -88.1703,
        -88.1623, -88.1889, -88.2010, -88.1827, -88.1624, -88.1988, -88.1372,
        -88.1430, -88.1842, -88.1651, -88.1727, -88.1673, -88.1710, -88.1715,
        -88.1782, -88.1594, -88.1729, -88.1320, -88.1804, -88.1453, -88.1830,
        -88.1497, -88.1892, -88.1354, -88.1955, -88.1349, -88.1266, -88.1645,
        -88.1496, -88.1965, -88.1620, -88.1655, -88.1876, -88.1352, -88.1499,
        -88.1800, -88.2103, -88.1643, -88.1868, -88.1772, -88.1897, -88.1406,
        -88.1728, -88.1652, -88.1720, -88.1595, -88.1924, -88.1799, -88.1801,
        -88.1833, -88.1685, -88.1337, -88.1621, -88.1670, -88.1776, -88.1820,
        -88.1290, -88.1777, -88.1667, -88.1888, -88.1701, -88.1796, -88.1418,
        -88.1579, -88.1038, -88.1385, -88.1759, -88.1833, -88.1728, -88.1659,
        -88.2039, -88.1731, -88.1736, -88.1812, -88.1931, -88.1457, -88.1737,
        -88.1636, -88.1620, -88.1972, -88.1484, -88.1726, -88.1885, -88.1469,
        -88.1448, -88.1414, -88.1340, -88.1846, -88.1688, -88.2009, -88.1801,
        -88.1581, -88.1632, -88.1534, -88.1740, -88.1865, -88.1337, -88.1875,
        -88.1786, -88.1722, -88.1291, -88.1664, -88.1642, -88.1572, -88.1639,
        -88.1400, -88.1750, -88.1705, -88.1788, -88.1920, -88.1783, -88.1638,
        -88.1748, -88.1832, -88.1280, -88.1634, -88.1626, -88.1689, -88.1560,
        -88.1842, -88.1697, -88.1782, -88.1614, -88.1587, -88.2125, -88.2025,
        -88.1895, -88.1659, -88.1969, -88.1631, -88.1734, -88.1644, -88.1242,
        -88.1826, -88.1701, -88.1365, -88.1731, -88.1345, -88.1723, -88.1799,
        -88.1563, -88.1631, -88.1596, -88.1437, -88.1336, -88.1409, -88.1546,
        -88.1895, -88.1578, -88.1927, -88.1421, -88.1750, -88.1566, -88.1285,
        -88.1661, -88.1618, -88.1331, -88.1743, -88.1189, -88.1807, -88.1622,
        -88.1607, -88.1642, -88.1764, -88.1035, -88.1317, -88.1653, -88.1459,
        -88.1959, -88.1614, -88.1633, -88.1790, -88.1976, -88.1759, -88.1246,
        -88.0953, -88.1719, -88.1198, -88.1360, -88.1291, -88.1678, -88.1699,
        -88.1810, -88.1330, -88.1346, -88.1161, -88.1297, -88.1849, -88.1361,
        -88.2591, -88.1687, -88.1639, -88.1677, -88.1945, -88.1765, -88.1723,
        -88.1785, -88.1694, -88.1531, -88.1242, -88.1836, -88.1948, -88.1102,
        -88.1784, -88.1705, -88.1723, -88.1772, -88.1836, -88.1636, -88.1942,
        -88.1636, -88.1361, -88.1519, -88.1805, -88.1594, -88.1636, -88.2114,
        -88.1666, -88.1446]), 'elec_energy_Si64': -88.2635544138, 'alpha': {14: Parameter containing:
tensor([1.1296], requires_grad=True)}, 'Z': {14: Parameter containing:
tensor([13.4948], requires_grad=True)}, 'repulsive_feed': PairwiseRepulsiveEnergyFeed(
  (repulsive_feeds): ModuleDict(
    ((14, 14)): PTBPRepulsive()
  )
)}, tensor([0.1631, 0.1248, 0.1128, 0.1648, 0.1517, 0.0857, 0.1241, 0.1308, 0.1355,
        0.1534, 0.0811, 0.1313, 0.1401, 0.1368, 0.1502, 0.1312, 0.1552, 0.1323,
        0.1399, 0.1346, 0.1723, 0.1421, 0.1415, 0.1298, 0.1411, 0.1715, 0.1248,
        0.1558, 0.1583, 0.1406, 0.1228, 0.1475, 0.1000, 0.1193, 0.1439, 0.1382,
        0.1894, 0.1486, 0.1458, 0.1487, 0.1241, 0.1423, 0.1420, 0.1436, 0.1541,
        0.1493, 0.1015, 0.1516, 0.1339, 0.1000, 0.1328, 0.1395, 0.1241, 0.1457,
        0.1606, 0.1284, 0.1380, 0.1352, 0.1456, 0.1484, 0.1475, 0.1379, 0.1604,
        0.1034, 0.1338, 0.1196, 0.1550, 0.1059, 0.1091, 0.1437, 0.1626, 0.0804,
        0.1354, 0.1460, 0.1488, 0.1419, 0.1354, 0.1543, 0.1649, 0.1996, 0.1128,
        0.1511, 0.1215, 0.1163, 0.1369, 0.1305, 0.1389, 0.1687, 0.1373, 0.1224,
        0.1341, 0.1651, 0.1578, 0.1255, 0.1347, 0.1751, 0.1338, 0.1441, 0.1223,
        0.1310, 0.1724, 0.1281, 0.1359, 0.1550, 0.1369, 0.1449, 0.1577, 0.1135,
        0.1433, 0.1501, 0.1261, 0.1157, 0.1282, 0.1298, 0.1195, 0.1758, 0.1421,
        0.1534, 0.1288, 0.1160, 0.1260, 0.1359, 0.1383, 0.1454, 0.1376, 0.1417,
        0.1314, 0.1399, 0.1110, 0.1569, 0.1384, 0.1550, 0.1331, 0.1173, 0.1535,
        0.1095, 0.1362, 0.1198, 0.1412, 0.1525, 0.1562, 0.1257, 0.1448, 0.1265,
        0.1321, 0.1266, 0.1619, 0.1755, 0.1774, 0.1404, 0.1249, 0.1492, 0.1598,
        0.1337, 0.1185, 0.1309, 0.1081, 0.1342, 0.1679, 0.1231, 0.1104, 0.1551,
        0.1434, 0.1522, 0.1376, 0.1322, 0.1118, 0.1595, 0.1083, 0.1321, 0.1465,
        0.1573, 0.1348, 0.1374, 0.1425, 0.1339, 0.1232, 0.1127, 0.1321, 0.1348,
        0.1532, 0.1181, 0.1501, 0.1455, 0.1260, 0.1265, 0.1610, 0.1281, 0.1674,
        0.1413, 0.1131, 0.1326, 0.1417, 0.1480, 0.1407, 0.1172, 0.1411, 0.1555,
        0.1220, 0.1230]), tensor([0.1646, 0.1100, 0.1320, 0.1503, 0.1490, 0.0911, 0.1459, 0.1391, 0.1479,
        0.1444, 0.1288, 0.1516, 0.1462, 0.1778, 0.1288, 0.1240, 0.1403, 0.1447,
        0.1500, 0.1551, 0.1836, 0.1287, 0.1477, 0.1308, 0.1121, 0.1784, 0.1371,
        0.1783, 0.1758, 0.3118, 0.1164, 0.1417, 0.1361, 0.1119, 0.1317, 0.1638,
        0.1872, 0.1415, 0.1368, 0.1217, 0.1297, 0.1661, 0.1585, 0.1432, 0.1685,
        0.1581, 0.1093, 0.1490, 0.1786, 0.0992, 0.1282, 0.1474, 0.1247, 0.1821,
        0.1612, 0.1741, 0.1650, 0.1472, 0.1310, 0.1616, 0.1431, 0.1406, 0.1554,
        0.1296, 0.1370, 0.1211, 0.1757, 0.1076, 0.1066, 0.1456, 0.1692, 0.0972,
        0.1288, 0.1596, 0.1662, 0.1420, 0.1281, 0.1703, 0.1759, 0.1005, 0.1583,
        0.1404, 0.1220, 0.1169, 0.1366, 0.1390, 0.1367, 0.1555, 0.1495, 0.1222,
        0.1251, 0.1587, 0.1705, 0.1250, 0.1402, 0.1634, 0.1279, 0.1359, 0.1410,
        0.1603, 0.1607, 0.1158, 0.1312, 0.1496, 0.1284, 0.1442, 0.1670, 0.1184,
        0.1435, 0.1623, 0.1276, 0.1205, 0.1284, 0.1403, 0.1271, 0.1767, 0.1513,
        0.1677, 0.1384, 0.1195, 0.1313, 0.1511, 0.1346, 0.1357, 0.1396, 0.1328,
        0.1291, 0.1497, 0.1139, 0.1583, 0.1206, 0.1362, 0.1252, 0.1169, 0.1493,
        0.1175, 0.1354, 0.1263, 0.1289, 0.1489, 0.1592, 0.1236, 0.1245, 0.1299,
        0.1589, 0.1243, 0.1592, 0.1933, 0.1716, 0.1383, 0.1175, 0.1881, 0.1755,
        0.1427, 0.1056, 0.1186, 0.1201, 0.1292, 0.1521, 0.1352, 0.1170, 0.1738,
        0.1306, 0.1425, 0.1254, 0.1452, 0.1147, 0.1514, 0.1699, 0.1270, 0.1517,
        0.1532, 0.1673, 0.1276, 0.1482, 0.1316, 0.1196, 0.1086, 0.1567, 0.1445,
        0.1564, 0.1404, 0.1455, 0.1308, 0.1272, 0.1173, 0.1819, 0.1435, 0.1587,
        0.1338, 0.1244, 0.1338, 0.1459, 0.1450, 0.1283, 0.1269, 0.1340, 0.1493,
        0.1202, 0.1081], grad_fn=<SubBackward0>), [0.10087664888936487, 0.15554419254191032, 0.12853696437239392, 0.15558144018728726, 0.05440996432945333, 0.14638310483613814, 0.10602811959090097, 0.13567463463683715, 0.12368868846052194, 0.15074831969685398, 0.1345517946725554, 0.1298866211676959, 0.14295626192779842, 0.1335254911414001, 0.16006903507610915, 0.11746359249011995, 0.1368377503908338, 0.15900783034394905, 0.15757346157818652, 0.13454112524116546, 0.1440585942990147, 0.12770384542543134, 0.14664735195667689, 0.11453781008459885, 0.14427598125335983, 0.14125094590464649, 0.1338123266017579, 0.16770120020905033, 0.16508835520662224, 0.14197034957923726, 0.14433590874437208, 0.15610605443468017, 0.15715821883300407, 0.11330080209626914, 0.15432909707332243, 0.10342717842967453, 0.11032222450864282, 0.14511469785743536, 0.16067292092396102, 0.14058690141253116, 0.15330291260997697, 0.12729196928587072, 0.1198153860932738, 0.12028923151631687, 0.14296438279353296, 0.15777580299157634, 0.140178427892927, 0.1354574464963374, 0.1366136688120374, 0.12495926254689493, 0.13827840292359994, 0.1222495889542099, 0.14779428073569711, 0.16522963063492746, 0.1498713319787175, 0.17424831250317396, 0.14014356711618348, 0.15504162605177108, 0.14635857686697307, 0.12007127531493289, 0.1232583384355177, 0.12654252377345898, 0.12091810543487647, 0.16508261496213095, 0.1426098569148504, 0.16672912434867015, 0.124181793102073, 0.13365422292276286, 0.133595549318704, 0.09143872925686658, 0.146177435036428, 0.16313002155403034, 0.16115512470524962, 0.1530460351989813, 0.12162570596141542, 0.14313556923206328, 0.1479724701255094, 0.14574151234385013, 0.14103199048912707, 0.11669466726325517, 0.12268785662118731, 0.17161870907376908, 0.17914863574839401, 0.13081342516768935, 0.1488833124238873, 0.15634741848581868, 0.13858417678086177, 0.17045154391170314, 0.1361341831026639, 0.13075046107999455, 0.14201741186671413, 0.1530126407202843, 0.18411778864100192, 0.15706144463175065, 0.10787921650954502, 0.13070632183378983, 0.13100248868263087, 0.157605203072265, 0.09023509700507759, 0.14603308736459297, 0.13511064569316567, 0.13172202097985775, 0.14770576263769186, 0.11540051297279597, 0.15003099823899113, 0.1689084537392791, 0.14636121840842087, 0.14750213389546474, 0.1752417242863924, 0.1692180105720098, 0.17157528533691568, 0.1494810747317903, 0.16683622547761168, 0.14989194136740736, 0.16584848595263502, 0.14153891103923932, 0.12619292561170425, 0.1388937589706245, 0.13986056203792252, 0.13620296718088554, 0.17420934278445088, 0.1324107352935311, 0.12396054379371968, 0.12267980851911453, 0.12655227777917766, 0.12466409674965284, 0.1531823119841622, 0.1132098890447839, 0.14861138175457533, 0.14921945261550285, 0.14132028783761363, 0.14205633748624713, 0.15791308634075563, 0.14193718992872206, 0.14543416745296334, 0.14677741002116207, 0.12398816973094462, 0.1443795096129712, 0.1484601053650909, 0.167185478930703, 0.13557331050171229, 0.1563274404505215, 0.1300617563211457, 0.13165064423679063, 0.12016145558488667, 0.12017694248523192, 0.1660608411894664, 0.10773471632801268, 0.13919146892360423, 0.12889505824299263, 0.14516772786772414, 0.13649604267654958, 0.153411695020516, 0.15615963494984975, 0.1560032224747694, 0.1642702244716734, 0.10889572671320735, 0.13889286338958584, 0.12302772650175164, 0.13980533882794433, 0.12004305624360967, 0.176608585645468, 0.15702224706721601, 0.1320664437342387, 0.17536815849998355, 0.13825222013234928, 0.12751490943064603, 0.1407263926611293, 0.16002279891344706, 0.15336499949129845, 0.16346652887139967, 0.15282867580662796, 0.14542249329503854, 0.12098435821962639, 0.1470392985700517, 0.1426070169270517, 0.14077876779845688, 0.11451515633098275, 0.11454257242956523, 0.1423981797030578, 0.14335644700474504, 0.09881171757357698, 0.14106118011011048, 0.16981858751067946, 0.15031284167110215, 0.12133284067188832, 0.13928037031706353, 0.12488302239821714, 0.14689274630623927, 0.1527874463719403, 0.11664582704345605, 0.1423432560000748, 0.16142180049677357, 0.16211582288288184, 0.1380615583892837, 0.15364030668854944, 0.13148114459225724, 0.11824623587234306, 0.1368083101394557, 0.14992206846365974, 0.134692718409827, 0.11354206876169748, 0.1535252338961275, 0.13605346027138054, 0.15361471225398304, 0.15338617040966795, 0.15002783853206658, 0.17309493017527267, 0.15102009785646864, 0.1268905608239077, 0.12868546435040784, 0.16000735096738694, 0.13776993963684525, 0.1573902930223916, 0.141521955635886, 0.13084987167779083, 0.16388673828779154, 0.15601520422453952, 0.1311204661416614, 0.11185638092027261, 0.12827957651327893, 0.13042656686579157, 0.16962271618336722, 0.12946045027587516, 0.11254299794999412, 0.14984969360893885, 0.10383444363148797, 0.13840154439771268, 0.13292691263099954, 0.13756751259752953, 0.18383858822030952, 0.1340283262691031, 0.1367673761693382, 0.1440741789525628, 0.13534742122364385, 0.15579578135761452, 0.13932789748349705, 0.110549969627602, 0.1547010880684887, 0.13493919061707516, 0.09135146982322873, 0.13486933125361666, 0.11523126469364264, 0.11311529407847587, 0.14843388986694173, 0.17028342604177205, 0.15707449321441302, 0.1105284293785207, 0.12753193576019584, 0.1559506646933002, 0.10907341851716446, 0.1451299469896501, 0.14655932703460905, 0.16542444468417195, 0.1373462489569377, 0.1380518069560175, 0.1290924381300762, 0.15024755842540927, 0.13055291067604458, 0.14133991748931507, 0.1334588583686358, 0.1313315219223785, 0.1361858816849253, 0.14001678745893997, 0.1444605205589582, 0.14446987656949162, 0.11793207140930306, 0.13641531947777352, 0.12344135521660071, 0.11914670530637572, 0.14192203377229973, 0.15399685818999842, 0.17610997558760744, 0.13335924123963672, 0.1289696020428508, 0.10187601369566401, 0.12985473120634516, 0.14498938376325476, 0.12645847733326399, 0.136432435843167, 0.16207918821624112, 0.1410405313996428, 0.16174249531478146, 0.14898081499675264, 0.14091304064296928, 0.11726119926018441, 0.1356692166839224, 0.14237679968103123, 0.11807263720815087, 0.14493229148263254, 0.1149859842669887, 0.13349493334306395, 0.1582674251653753, 0.16261610981242036, 0.16774326458839184, 0.14124169536467512, 0.1247157556426437, 0.17205551522010865, 0.11166860840910253, 0.1589919715404413, 0.16874676406119704, 0.13218578459320973, 0.13771798968920557, 0.13719969559064538, 0.14414147468314198, 0.1722350525751466, 0.1526937076648931, 0.11152400165452647, 0.11690255525219762, 0.1608900708451646, 0.14758650409721064, 0.14914186376661576, 0.09669996467838793, 0.12904477793108882, 0.1751887817394966, 0.12287375344683404, 0.16906240474460255, 0.11809104494481026, 0.1535375570471249, 0.1337571636606718, 0.13718157266124997, 0.1224169747775985, 0.1695261033116484, 0.15655787598752902, 0.16050237024874647, 0.17767649418940756, 0.1486017949582834, 0.14160407824893895, 0.15470546748549374, 0.13295105326228374, 0.1691859894155705, 0.12204539757982502, 0.1166048963807782, 0.13467804954944462, 0.11273545893998893, 0.15188794050519583, 0.11631247134815936, 0.14572581156243558, 0.12787670248825478, 0.15848850910176893, 0.14902109556387977, 0.1422933827567654, 0.15427607597474413, 0.14115098663943293, 0.1317523571797672, 0.15872161998960443, 0.10676579539714304, 0.13668999164669593, 0.1414070570352628, 0.14757910057828916, 0.13395730636197456, 0.12717169940397532, 0.15113060564779346, 0.1660105140919974, 0.09407490052555012, 0.13443432325172466, 0.1788206528043439, 0.13183309691574152, 0.14131540127993247, 0.1413335091421022, 0.11437928195090663, 0.1360370550054153, 0.12399412606146498, 0.11717731745696192, 0.11100106685126576, 0.1456655055533833, 0.14375284138886713, 0.1576193556046377, 0.11973854509313853, 0.12290602523366623, 0.1136366729153373, 0.1414322126828953, 0.1444508415218646, 0.14137691597426638, 0.14843256578877906, 0.11276501237928649, 0.16497671480111542, 0.14292051622731705, 0.17846008533670954, 0.11250983572702822, 0.12296367573652667, 0.12559350774673028, 0.16052552599813374, 0.1578638613555281, 0.1606842985148358, 0.1663863295893684, 0.16974559857474425, 0.1345411836725905, 0.11523587122147383, 0.12648019912401054, 0.0638969884093914, 0.12673274966953585, 0.15321628342725546, 0.1433773867698651, 0.09990554100619242, 0.1232217283909236, 0.13996907875084474, 0.10823425173386347, 0.10137673627007082, 0.13681116445949293, 0.11582439254423171, 0.16115563726645377, 0.1671934252371461, 0.12280784647322918, 0.14727780425872972, 0.13903304185055276, 0.12981765775277054, 0.1504067387677388, 0.1517678268079301, 0.1704950462921122, 0.13028171278826228, 0.1281900845581756, 0.15686157902035447, 0.13511727931373585, 0.1392182077321351, 0.1613392703337091, 0.11775112655513631, 0.07445743049200537, 0.14437029104491117, 0.137045821758905, 0.13898976988840772, 0.13507365235311752, 0.13950041792250545, 0.15896065817599236, 0.12787209008053146, 0.15679969021789297, 0.12633715458322214, 0.15797251073351326, 0.13035114402209125, 0.12146447895732848, 0.1321194634547158, 0.12480072302090939, 0.16731307258548256, 0.11591506341766511, 0.13474549374729428, 0.1399996714610392, 0.16988342213899443, 0.11952968949448284, 0.1483635281402158, 0.14769013572242073, 0.09041963594318325, 0.1416292493312863, 0.12601413463544908, 0.14183903358537364, 0.13783605791906695, 0.10197264530953909, 0.12059822939182041, 0.1225078411574394, 0.1337541167741758, 0.15776276102378972, 0.11186360400000872, 0.1406598036200606, 0.12903322504593717, 0.17425005515614345, 0.15397230596627764, 0.1363169176489354, 0.16937054305340382, 0.15261971032749244, 0.11031534099266338, 0.1754303523218379, 0.16505785877965806, 0.13797165410675838, 0.0, 0.14898310484716326, 0.1356532274203115, 0.12894506157891428, 0.14079822583080848, 0.15360654802404383, 0.13572104094887116, 0.145060361776153, 0.1070289675999394, 0.15431606870278713, 0.12046235537923522, 0.15590541231005695, 0.1418746175888259, 0.15096645890987226, 0.14070673581493054, 0.1511450150579421, 0.15632606014589356, 0.13833248175961188, 0.1372537435572223, 0.14326263920896842, 0.14258572988081397, 0.12177644103334728, 0.12140612102996862, 0.11962512602032405, 0.1256143357939017, 0.12961116513567994, 0.16104581301256538, 0.11960111327668699, 0.1265882693326379, 0.0970592198276421, 0.1314628959801727, 0.13648570141662653, 0.1411549331493962, 0.1497620589646953, 0.16145508399251085, 0.13110277832427109, 0.12862910044139753, 0.16518415738824288, 0.1215336672781202, 0.13617136386426765, 0.1651409728894908, 0.12392457061492124, 0.19128100483090194, 0.1290809484537636, 0.14969676827726275, 0.15565657344630957, 0.1413095691621269, 0.11938651780103271, 0.11442723393953003, 0.13204768577651826, 0.14516359356871433, 0.15495839985650228, 0.12757098853239235, 0.16053772824385248, 0.17739988459609712, 0.15768323364803472, 0.1259311579680933, 0.14426965595962216, 0.15157777253119775, 0.1351867461944103, 0.1082752996268912, 0.10577105181840452, 0.13753916233111774, 0.09983801375486756, 0.13362686305064742, 0.1393892688554672, 0.13651549850394318, 0.11031076864170686, 0.11229250132421598, 0.1552297267344116, 0.1372841414959982, 0.17302556950014747, 0.14261895090270116, 0.13685871882042555, 0.12141554686421863, 0.12324050178336243, 0.13286023833149585, 0.14567577662209708, 0.11698943065539424, 0.11655992880479715, 0.1491995469763765, 0.16546189334835226, 0.1496953332161386, 0.15021705823163956, 0.14087046875545717, 0.10945722625763565, 0.13143241719288312, 0.1255336570618084, 0.17668123832508442, 0.12480541149973412, 0.17009762439687748, 0.11450175495480508, 0.11869229219116129, 0.15073556694625445, 0.12562162465492932, 0.15896579205662853, 0.15471718537511414, 0.12984908540761708, 0.13332178963551122, 0.14924435359031385, 0.12162129751244422, 0.15414821616298013, 0.13393700346265014, 0.13051205534948096, 0.1272392700195013, 0.14240249848367803, 0.1303313607582144, 0.16285917425480534, 0.14928833077199855, 0.14437896278302276, 0.1536569710372504, 0.14375696686803963, 0.15818712274636404, 0.10193279470950856, 0.1547246260108519, 0.16914861314755925, 0.13607566568323648, 0.11659810841304363, 0.12253778524205572, 0.13978451114826562, 0.14238856644725217, 0.11647172858845067, 0.1482499396530148, 0.12155417523867484, 0.12887317181527536, 0.1577764663168839, 0.1596043314150375, 0.14089766141814764, 0.117107904965291, 0.1478451326135204, 0.14950696463092505, 0.15598786162460776, 0.13442684402919802, 0.1283409780196969, 0.1615096978986852, 0.13323495392158335, 0.13747381284476745, 0.1364420417491079, 0.13787944049667722, 0.12042179735470704, 0.14214346131487687, 0.12109290359702207, 0.13040485940728175, 0.14073734947223926, 0.16945892591389544, 0.1273962532115931, 0.14593145784258077, 0.12552048867634902, 0.12577322701092264, 0.1461874800967955, 0.14277187072197606, 0.11493920200936536, 0.15429535825345475, 0.12485275197959744, 0.14567022967905174, 0.09445065906146688, 0.15957720012372079, 0.14083479618613381, 0.13396141015904384, 0.12963374098072755, 0.11946785655099568, 0.1559425923366753, 0.11592183080577811, 0.15366416912744718, 0.1564767044469928, 0.12616167729356143, 0.14004080167254962, 0.13425999768589492, 0.14914315660785427, 0.14618286732158126, 0.16177885656644975, 0.17773093978367704, 0.12067065202066374, 0.14253425069202308, 0.13800187675125386, 0.14603559477100525, 0.1502914789212575, 0.15188631471507819, 0.1076669395487766, 0.14449598586209333, 0.13192858231818327, 0.1396477220775001, 0.13296669744973677, 0.16243104352150795, 0.1481360505563405, 0.08467854915651074, 0.12749454479245692, 0.15692228559704624, 0.14157231250030478, 0.1296829042270886, 0.13211698287530993, 0.15443400867750867, 0.13168797089321238, 0.12354273080078038, 0.12191004614263612, 0.1428638123870538, 0.11792974223711461, 0.1429250687336392, 0.1187346336604076, 0.15735533191999096, 0.1379550459845209, 0.12307365397008674, 0.12768957529522318, 0.13981843261227667, 0.14585118776297357, 0.1310739477441878, 0.11894658024475113, 0.13410928062113214, 0.12414382186249995, 0.11837073192655723, 0.15742220503333826, 0.14814797571215088, 0.14172766806481363, 0.12772488220876888, 0.1369611435978193, 0.1371865613820571, 0.1174792164654459, 0.12644235136216686, 0.13170590088865275, 0.13934643531276336, 0.16048904861860436, 0.11711362389517532, 0.1186543286689421, 0.18094555828278303, 0.15960500503015673, 0.1318425341422813, 0.15142136005611917, 0.1457446896904493, 0.13615294142787882, 0.10610636992763034, 0.17191103598569235, 0.1488411106020724, 0.13656922601641064, 0.12643426210085096, 0.1190369189042908, 0.12488936643411108, 0.1678576420835931, 0.148622767430302, 0.14214088004232295, 0.1425790444436945, 0.13749650371519984, 0.14864809763722242, 0.15170961330541743, 0.10312577222963348, 0.13014915540221672, 0.12193351499626992, 0.16658165555670124, 0.10948087555045127, 0.14259776565209314, 0.13409786995586437, 0.15515538101341342, 0.10826223413953784, 0.1273516751784527, 0.14802384898864673, 0.14508719613292698, 0.14428603256111394, 0.09899970690576154, 0.14489641715951507, 0.11986534937242865, 0.09066815472031564, 0.14390044946077651, 0.13635895630374684, 0.13559866312572133, 0.18869133064508326, 0.15721531001114641, 0.15542476495453528, 0.1362550531010278, 0.17262001718435194, 0.11956587471688529, 0.13153650303974906, 0.14363836209804148, 0.15875283670332863, 0.18041854687695036, 0.1500025645516132, 0.17688583504451927, 0.11810096101504897, 0.14940586135923972, 0.1476837729443723, 0.14563384711277827, 0.1572699783063225, 0.15197299093693672, 0.1305419615822938, 0.1384809732852812, 0.1358852082664157, 0.15748795398484816, 0.13441942176812027, 0.16912805043051016, 0.13539229582383072, 0.1216817586036445, 0.13338311396834612, 0.14088821059435652, 0.103776016247906, 0.12632352095131338, 0.16217617519608396, 0.19268562722341365, 0.12544821818970675, 0.1386609450173335, 0.1521059080988696, 0.1551758830940777, 0.1387461251741886, 0.15413001018011308, 0.11718301066231973, 0.15642630348338216, 0.15597035057146869, 0.13953820247551008, 0.1415617327372658, 0.14496051937379306, 0.15841731757529587, 0.016391826369584805, 0.14104680818427262, 0.1293726149803227, 0.140001043680817, 0.11401986877955395, 0.1365239541560257, 0.07560739403024641, 0.15120346706357424, 0.13618278004193485, 0.1417517142503364, 0.1541256943394398, 0.14394652098646432, 0.11911905842203652, 0.17050386686498875, 0.14567482591707126, 0.1060229790953855, 0.13698123886346103, 0.12805195229959843, 0.14371376803705083, 0.15913358285757262, 0.11544685717847258, 0.15720118099834401, 0.1657616469312675, 0.1594223950640945, 0.13877832382986632, 0.15402841814241341, 0.1685907363515433, 0.12219237025591134, 0.13157436145889534, 0.16748716993800983], [0.11120204795808775, 0.15303674945516832, 0.13447296288613586, 0.15277644800030998, 0.03917873738559763, 0.18210089363098803, 0.1062182157021283, 0.1310051725131416, 0.12760139471070886, 0.1296346319407462, 0.13287883777579168, 0.1360928720271346, 0.13531563782167666, 0.11505557917161013, 0.14404412782016607, 0.12199651498332287, 0.1321125251313049, 0.15990120877057734, 0.15627526709317863, 0.1843119102227604, 0.1450337155720831, 0.12257274639691218, 0.187560920058786, 0.12480178795931351, 0.13881721844886385, 0.12742965314079413, 0.1289288517410654, 0.16152311101762962, 0.17555032046566055, 0.17086488009533696, 0.18780421514620116, 0.16830360732635086, 0.1526852137840109, 0.1286504206971415, 0.15165287140852968, 0.1507413313994732, 0.10922602851817942, 0.13232453282745382, 0.14404518598007598, 0.1495271469333801, 0.16623311389304263, 0.11667622841591196, 0.10630753758189826, 0.11797147007429487, 0.1344196002077922, 0.1710812597547715, 0.12639514065253366, 0.13477236750877353, 0.16574364788186813, 0.1145134890914079, 0.13406471335994752, 0.17523504842158388, 0.1650834044175582, 0.1583296067984321, 0.17573646815620236, 0.17671151750388958, 0.1336456024231012, 0.18279053400952705, 0.1387476251548918, 0.11904614837771987, 0.1353277074767334, 0.12890325792477597, 0.13164670329578598, 0.15961356857364706, 0.15978512904243303, 0.14309348465376104, 0.13527194799601716, 0.1414975990111742, 0.12232269912537674, 0.15678385210851786, 0.14118271568872842, 0.17417086357856704, 0.26869863205646993, 0.1511323130545179, 0.11776588374290498, 0.14408382584865365, 0.1361397647303022, 0.14748327165297326, 0.14226367759830794, 0.14661861193746972, 0.1358735425938562, 0.20081708162263112, 0.17903483495913974, 0.12897032648078266, 0.13887519788653435, 0.1907212349012184, 0.16626434698552828, 0.1802205747740544, 0.15381621780963428, 0.15752964708717343, 0.14479260075103184, 0.14013451576066416, 0.20771811982189092, 0.15966810169460643, 0.11173925220172976, 0.12654116024690154, 0.17543015611937562, 0.13908853119301057, 0.12751609364971728, 0.137231908138034, 0.15007370606687687, 0.1340080671228634, 0.12533602240857533, 0.1471549021549663, 0.15948627096371126, 0.18815605502774702, 0.17977455477856097, 0.1568770736721774, 0.15959487069056877, 0.1716920994773261, 0.16341846473027033, 0.13217139320479987, 0.1704049837656072, 0.1717849322270979, 0.1592452881563986, 0.1279205954520677, 0.12518254530425565, 0.15293154436866985, 0.13749411787631516, 0.12126171185352064, 0.177878743132581, 0.1427893925391004, 0.1103895222046134, 0.11740148861966304, 0.17903279966144225, 0.13073177856888663, 0.1364023014895679, 0.11687893812617745, 0.1315561562111327, 0.17146799251609934, 0.14180772129304842, 0.148349113600176, 0.15449953208747047, 0.11953339556836795, 0.14749138491376357, 0.14066079288775768, 0.1137874444175111, 0.16431939678655283, 0.16842808564135225, 0.17235575053884133, 0.14536741667279784, 0.1473876768282878, 0.12712436482692624, 0.13208299209227903, 0.14299416405008003, 0.11284344497050824, 0.1711290468556399, 0.10014055133980548, 0.12959311604100776, 0.12880567430737244, 0.1490211937018131, 0.12755462825833774, 0.15339801182101098, 0.16361451439256314, 0.14589941022141772, 0.17640528642402842, 0.11536453371013522, 0.18071868151825754, 0.13155327235955383, 0.13354765281121672, 0.12358167552186217, 0.18160899230733207, 0.14518306185765084, 0.14686394846772544, 0.18204074597228725, 0.1348985492285948, 0.15043096807038125, 0.1342761403852677, 0.1398456981668943, 0.13819935370256076, 0.15707270444632115, 0.14082224036104662, 0.18024148132498397, 0.12701652249008077, 0.16726968894029426, 0.17898005145754325, 0.15284977799575472, 0.10967310181011669, 0.13127538756536694, 0.14334839309380243, 0.14039743284654094, 0.11939995416220484, 0.13383828069956394, 0.15988654947338432, 0.1359591162597127, 0.11104636293798364, 0.14996063789791947, 0.15103064602990912, 0.15317337609079118, 0.1707807692593235, 0.15516057915935733, 0.14897663052032328, 0.1453128343890171, 0.1728429662463924, 0.14957240575283492, 0.15966504638751644, 0.15110610511690936, 0.1297274690793131, 0.14144500342619892, 0.12624231936983676, 0.1717947309338541, 0.13382455491658618, 0.1572494676829308, 0.12074475626724279, 0.16611843145027194, 0.15003163619699933, 0.14838032886846975, 0.1640975869952257, 0.13634517140697255, 0.1521065313582568, 0.13458038973868724, 0.1505516139138905, 0.12480266877201984, 0.14735211172845197, 0.12754337011877226, 0.13847852522793858, 0.1476693979701338, 0.14600394173454845, 0.12169038516040587, 0.11304283869355913, 0.12487842054213161, 0.1728671875158483, 0.16397252641458238, 0.16158095780518522, 0.1328897446392432, 0.12123877264727412, 0.10089100770430548, 0.11927567132119066, 0.1630553480323158, 0.1465320773679082, 0.176347139941754, 0.13455389586539468, 0.11880497150015401, 0.14512596205322836, 0.14491776620675978, 0.13796190170772604, 0.13286426482633829, 0.12006310411995003, 0.166531427463795, 0.1513419838829151, 0.07072157721927397, 0.13753381406623078, 0.12270189185088043, 0.1408724669366137, 0.14701553271700618, 0.16864772195047806, 0.16056896153298794, 0.1128873592761579, 0.13607816362787162, 0.16380074376971265, 0.1230932266814051, 0.14092127147267774, 0.12790270272812165, 0.18566656527124792, 0.1510087399390727, 0.12987440551039242, 0.1397293616098949, 0.22673703304272408, 0.12659548058186942, 0.1401498327863493, 0.13175417089131258, 0.13035980512394474, 0.12066904058649186, 0.132088732636376, 0.15430780866962834, 0.13317545051241098, 0.10895047458909346, 0.136273590737801, 0.10943037228359742, 0.10999040605237553, 0.13344430645572913, 0.15179904829555824, 0.16896949309858655, 0.1383761969644013, 0.15371807545568572, 0.14186469917885347, 0.1144076550040154, 0.13486353385238203, 0.1281776642004644, 0.15835879273330988, 0.17275197311909096, 0.14210233889686208, 0.15440137802927723, 0.14475245937268255, 0.12089315916105647, 0.11469428853581576, 0.11234628021382775, 0.1271036587290837, 0.1337310162991514, 0.18289367531031075, 0.12701468892170453, 0.13199199666293282, 0.15483209043598833, 0.15554270741733944, 0.15786971876504197, 0.1436849990583795, 0.12035185611578925, 0.17811172653271967, 0.1143811959077965, 0.1449938066537726, 0.17804226468211937, 0.14256226422878626, 0.13291910057728273, 0.14074510185983513, 0.16654772792367112, 0.18967424946019662, 0.1442686548141836, 0.12240652704062427, 0.14192530507718004, 0.14818326457688613, 0.13362816133509625, 0.15464638784261808, 0.10881938621899678, 0.1431561157522907, 0.20143588523939115, 0.13501946320262448, 0.16502484135682494, 0.13225779980845687, 0.1354479616816917, 0.1747103202487068, 0.12474630629147043, 0.13350447229368, 0.16539223955589932, 0.17401855294224333, 0.15041422088231116, 0.1805503414965557, 0.14482379874964124, 0.12686779497180112, 0.14294667118325322, 0.14792376737257484, 0.15809528820679475, 0.11557302114216839, 0.12538326196990113, 0.17582432134886972, 0.10647677786222687, 0.1431813459831517, 0.10596853836267428, 0.15685549684609157, 0.11615133067905958, 0.15962385203340546, 0.1462608361167952, 0.12981080478408558, 0.2088134315822714, 0.1331495277904935, 0.12546827262542593, 0.15489579115941865, 0.10595970313217151, 0.1255029199419937, 0.1365647781723709, 0.14142740751802307, 0.1341916148536768, 0.12259639620063467, 0.17203070740337978, 0.19651146765436067, 0.0973768532600019, 0.1252507444320088, 0.17861777424958802, 0.13746891711180353, 0.16853652197937663, 0.12738546213724078, 0.1166798088968477, 0.14437421980299803, 0.13434643940365731, 0.15045930721066725, 0.12814919808600678, 0.18621700773837802, 0.12577776620794623, 0.15759172780697384, 0.1398480841964158, 0.12723334251195695, 0.10692061994038227, 0.15116319305845138, 0.16679149944199878, 0.1467830508828314, 0.13927453015115532, 0.10867496609513694, 0.18390680480213462, 0.15125793535520415, 0.17800499987821183, 0.11098403067094864, 0.1283374028503772, 0.14765950420401452, 0.1377587584858304, 0.15494284672412562, 0.1583079944032164, 0.16845784083520243, 0.16677672573160862, 0.12497163821676338, 0.12500953441060858, 0.12153976430947466, 0.10961675535584448, 0.1278227320469938, 0.16318646077169774, 0.11611076884624083, 0.11494285919191327, 0.11303931723820426, 0.1315698691712015, 0.12386199545656496, 0.09178739209446007, 0.1591169268577346, 0.13516509312268, 0.17144260707758008, 0.14180454459201997, 0.13776875183776838, 0.15863340440260743, 0.15115826082646322, 0.12907292191084707, 0.18254558879665694, 0.1461687564255385, 0.15975535972327748, 0.16012510205470676, 0.13626577628087944, 0.14595213401463525, 0.15410957169243034, 0.13147249408095263, 0.16311348209526955, 0.11328184281170195, 0.1261039157775059, 0.13820721957092985, 0.15189068673875283, 0.16313051790714894, 0.13793836468404663, 0.1382124576632009, 0.1564050781717441, 0.11657468401958226, 0.15566429847753227, 0.13310681051925144, 0.15620591054195643, 0.11395541973240597, 0.14840043678711368, 0.12891824134666763, 0.11832541808759345, 0.17598844489293697, 0.14699741258083066, 0.17324069441632162, 0.12020712447463211, 0.18040115610554608, 0.1214606794902835, 0.1458079455608896, 0.13282787177718092, 0.11362404338623833, 0.13134151230758562, 0.1319639455655448, 0.1397695878956995, 0.13280598570480606, 0.12012989236950489, 0.10515825758842823, 0.13115527281935613, 0.11721534975231407, 0.16746173824674315, 0.10579350093584594, 0.13337937163066726, 0.12975095449270668, 0.20670371933157128, 0.13969110035694143, 0.1359198198001792, 0.14650538873264907, 0.1344112617076405, 0.1060533307032756, 0.16208990610749652, 0.16598795659569987, 0.13520699290215532, 1.1368683772161603e-13, 0.14027603885431006, 0.15584748625103373, 0.1491746268914511, 0.13799565877731368, 0.18065639279163292, 0.13383604365138524, 0.13814237212473301, 0.09269084422820129, 0.1737421101201022, 0.12331117238784373, 0.14213735948405315, 0.1421697856014532, 0.1424368336492705, 0.1703705329416465, 0.1619695216497945, 0.1800370086510128, 0.14263211611299198, 0.1395524650183404, 0.163449425382737, 0.14496598450442377, 0.11185265728727245, 0.12614048289184154, 0.12078668822798022, 0.11279858783741759, 0.13031416746345315, 0.16722607313670323, 0.12699587169453252, 0.13734369909595046, 0.10123777048029581, 0.13181339550679638, 0.15646405549088627, 0.1576172126442259, 0.15605061430730416, 0.1545101984726358, 0.1336418716975487, 0.12421106985372887, 0.18328570859475235, 0.14768981596428432, 0.16734954190214069, 0.15888961018534076, 0.12686872369526725, 0.18986891584323473, 0.11748323699205798, 0.14396847110666045, 0.1480478876072766, 0.14393863626489178, 0.11664802260666818, 0.11381557632395811, 0.11913451976600697, 0.14373911179667687, 0.16270911161713286, 0.12603150632300242, 0.15380832593818639, 0.17929452770593457, 0.1362826011962568, 0.1284802502878648, 0.131476302533045, 0.16900188472456534, 0.13777422351884638, 0.10069022520707449, 0.0973358522673351, 0.1288857350570396, 0.11350387059076184, 0.129472781923198, 0.12579673721523932, 0.13905604954535988, 0.1090841598273471, 0.12166268456971352, 0.15876761234926562, 0.14040516772273293, 0.18550720318924618, 0.13857004641339188, 0.15567022970409994, 0.1477157066464514, 0.12789142589062408, 0.16923806191607582, 0.12924389660147995, 0.11907677410657413, 0.11780612780879096, 0.14490652081951794, 0.18490526075079572, 0.1282901264703753, 0.15286669885071547, 0.13783439878571357, 0.12266723585842954, 0.13111305003688756, 0.11737887409701386, 0.1611780854938445, 0.11595618482868986, 0.16674704452979938, 0.11655290713686384, 0.1142395542303376, 0.13924435214813968, 0.14472819231454537, 0.1401241144369152, 0.14281424112547825, 0.13929339869282842, 0.15058386787747224, 0.1561168315457877, 0.12399133646822236, 0.1489330089001868, 0.13365195179420652, 0.12933756665592, 0.12435471026341816, 0.12412776682988635, 0.12724606538647265, 0.1541907136063969, 0.1410459043357406, 0.1450189342733239, 0.15398316635382514, 0.14722865515601313, 0.16950883117252147, 0.15579912054531064, 0.1416659968915326, 0.1713060639894053, 0.1469269120608203, 0.128613441709021, 0.1282918140712468, 0.14235041163655637, 0.12550211756629892, 0.10346662149522956, 0.13217250686388127, 0.13245509558461777, 0.11304720140519464, 0.17159677969651455, 0.16590180684788436, 0.12822318286316658, 0.12969502676837408, 0.13996117584071044, 0.1450292122605248, 0.14578518169832932, 0.132677064038063, 0.12579518147690294, 0.1574570965000106, 0.13312337115741002, 0.1633966720503821, 0.1293353534517223, 0.1558363075365179, 0.11783807259818957, 0.1532556814484849, 0.11404964447928023, 0.15686949391505323, 0.11967537250072269, 0.17973559320030574, 0.16213588255517664, 0.14532853414002034, 0.1455690182916669, 0.11321669645697341, 0.14557513055433446, 0.1407382452272543, 0.11112939194622129, 0.1713761025566214, 0.1442317460859357, 0.13297498378163652, 0.08530374258178597, 0.1520742644125619, 0.12554436550544779, 0.13075822012345384, 0.11749680108039229, 0.14928586766839658, 0.14418133739404482, 0.12781796758906694, 0.1428807059561592, 0.15185128006218918, 0.11458263686957082, 0.1300053062217046, 0.1279208736449533, 0.1343459958463029, 0.14057262137143312, 0.17443024109513772, 0.1620412544947527, 0.12906726201744334, 0.13331356219597978, 0.12735544274504207, 0.16994132943599993, 0.136801473918581, 0.1472431142053665, 0.10808590120180384, 0.1385283649913447, 0.1259634363320572, 0.1584635356005748, 0.14358357591409288, 0.19778974145697248, 0.16493014579042153, 0.10585713114987527, 0.12143642136501853, 0.14394460802706988, 0.14197395823397585, 0.10790590330829275, 0.1324330658420365, 0.13876458802350555, 0.12415071831912883, 0.11268828537271247, 0.1449139200437486, 0.1364440794364441, 0.13016978088209896, 0.14517601126469515, 0.10727098422303527, 0.15920469300061768, 0.13473685285984516, 0.11496553488017014, 0.1470944062767643, 0.1559309563138811, 0.16056678470457086, 0.1598796241244571, 0.1161262189826715, 0.13496147003299086, 0.10601837034548112, 0.12012887977085995, 0.1542707105272001, 0.14627504519802415, 0.1486857507983359, 0.1288595614554282, 0.12502120389549987, 0.16324347218153434, 0.11306699220492078, 0.12419468607933482, 0.13279827418737966, 0.1667314337893373, 0.15052665863281334, 0.130421159448602, 0.13514640150205537, 0.16455400220269212, 0.1695053433533502, 0.1295381038232506, 0.14556969643570028, 0.1346355276810982, 0.12046800127508561, 0.1144853022476724, 0.16075215924016106, 0.1384821508216305, 0.123065524634967, 0.16169515714243232, 0.1321947479082155, 0.1370512347028381, 0.15248371261908744, 0.15145078111264354, 0.12909807721000277, 0.13847354249250543, 0.1316673018974086, 0.14875903321178896, 0.15188868804217748, 0.08870674206831097, 0.10779227763242716, 0.11500962804763049, 0.1530209414896717, 0.10252122916438111, 0.142794753630767, 0.13352104273656096, 0.15148803306951208, 0.15417046211213403, 0.12276514156377516, 0.1421531577600632, 0.16335666951061967, 0.1379639582623895, 0.14189302381556956, 0.13830093138400912, 0.11912488249822673, 0.12227261262351874, 0.14432148787582832, 0.14328537453968693, 0.15462301249279164, 0.1901552020087678, 0.16660030611160437, 0.15669231717579635, 0.1244227338020778, 0.16379127119471093, 0.10959878266372414, 0.15147216307053668, 0.13760621530543915, 0.1569704398370817, 0.18777336897566954, 0.1461564934824935, 0.16457987305385302, 0.1522352327943679, 0.14138532262239778, 0.17782297440176364, 0.13675501719072258, 0.1523941513632252, 0.15218463931822157, 0.13775313183040794, 0.133911524702782, 0.18403410811284004, 0.17298278305520398, 0.13799503351057751, 0.16918085393642457, 0.11753734918244163, 0.13556617752124112, 0.139131198612219, 0.13047138437131878, 0.09975483967238574, 0.12608116531572477, 0.18061909372678997, 0.2176742076321574, 0.1270091627181813, 0.17251592288502593, 0.1681220738294229, 0.17531580534598845, 0.13873337652937323, 0.14626824880539857, 0.11783273881977152, 0.17413478283701522, 0.17068468794565206, 0.17611007027549874, 0.16700348164685863, 0.128444204363376, 0.1716143614462169, 0.011116190521036629, 0.13829164177549558, 0.13675387139672068, 0.13936237925163653, 0.10674792655548515, 0.1308713048072434, 0.10332615327018857, 0.13755245623211465, 0.13674839386114002, 0.14829887341907977, 0.17808101219024763, 0.13243544535929175, 0.10976333819436945, 0.1944222846243946, 0.13548015668480673, 0.12054597001592526, 0.13324304948376664, 0.12524640101136697, 0.13034154322011204, 0.15264432931557792, 0.10699860362194613, 0.15186074967418506, 0.17590776388561835, 0.15956715858087023, 0.12849085696963414, 0.15238350778460585, 0.1575504123580771, 0.09937563514694148, 0.13563987786334053, 0.16957356707091265], {14: Parameter containing:
tensor([1.1296], requires_grad=True)}, {14: Parameter containing:
tensor([13.4948], requires_grad=True)}, 0.0004151077227463636, 0.012140277523385628]