[[990, 797, 452, 120, 8, 93, 933, 966, 962, 827, 597, 36, 688, 710, 86, 101, 785, 364, 243, 18, 32, 808, 17, 355, 664, 639, 496, 631, 475, 153, 94, 188, 731, 118, 866, 15, 516, 499, 902, 256, 67, 684, 555, 935, 478, 71, 616, 692, 92, 528, 593, 48, 277, 845, 570, 65, 661, 310, 493, 871, 983, 273, 961, 672, 205, 465, 898, 543, 682, 20, 521, 73, 6, 342, 148, 728, 485, 674, 387, 172, 56, 79, 602, 509, 168, 78, 571, 221, 926, 28, 977, 790, 114, 994, 145, 687, 313, 466, 41, 427, 284, 679, 826, 42, 182, 279, 159, 308, 868, 894, 798, 854, 476, 43, 577, 396, 783, 358, 508, 350, 1000, 837, 480, 488, 47, 802, 483, 879, 610, 175, 451, 752, 800, 532, 835, 449, 303, 282, 127, 999, 191, 901, 447, 788, 123, 907, 106, 850, 497, 386, 838, 873, 673, 262, 657, 197, 354, 111, 720, 717, 830, 161, 595, 276, 891, 738, 332, 813, 806, 458, 993, 929, 81, 405, 220, 49, 294, 823, 39, 225, 519, 90, 812, 841, 325, 904, 472, 68, 600, 264, 75, 706, 437, 207, 104, 407, 200, 722, 471, 513, 234, 203, 703, 534, 389, 505, 729, 31, 459, 83, 953, 979, 349, 765, 638, 248, 950, 366, 607, 425, 794, 77, 632, 218, 202, 561, 906, 514, 136, 261, 51, 693, 371, 699, 296, 805, 418, 377, 240, 293, 9, 646, 939, 124, 37, 224, 705, 809, 754, 189, 330, 300, 372, 280, 181, 468, 701, 4, 660, 245, 947, 455, 554, 611, 363, 420, 586, 942, 714, 527, 456, 382, 889, 412, 131, 109, 481, 500, 100, 572, 263, 541, 774, 344, 402, 590, 711, 416, 193, 311, 982, 346, 477, 917, 888, 726, 164, 924, 227, 875, 269, 920, 948, 801, 238, 44, 650, 102, 91, 869, 460, 921, 89, 194, 140, 356, 972, 103, 930, 16, 828, 899, 162, 309, 52, 24, 694, 414, 668, 134, 695, 166, 941, 158, 304, 764, 583, 566, 588, 986, 625, 793, 5, 777, 681, 732, 146, 581, 789, 163, 439, 779, 128, 80, 431, 716, 923, 865, 232, 511, 228, 753, 257, 173, 975, 138, 415, 957, 201, 613, 352, 295, 253, 956, 862, 147, 569, 84, 890, 424, 981, 997, 463, 538, 896, 601, 895, 642, 913, 643, 13, 863, 208, 400, 989, 368, 651, 33, 556, 126, 331, 196, 464, 249, 195, 122, 680, 155, 520, 916, 266, 723, 442, 338, 881, 704, 747, 14, 438, 995, 74, 796, 626, 733, 715, 271, 707, 393, 825, 251, 659, 489, 893, 69, 137, 531, 892, 782, 859, 461, 34, 636, 967, 502, 448, 35, 398, 858, 323, 288, 653, 937, 612, 112, 874, 760, 436, 462, 525, 772, 317, 749, 1, 596, 178, 98, 665, 115, 739, 776, 10, 186, 226, 395, 928, 758, 217, 255, 216, 724, 299, 337, 725, 515, 564, 708, 397, 787, 241, 864, 565, 11, 621, 291, 64, 388, 575, 761, 748, 215, 108, 22, 365, 795, 58, 479, 952, 766, 38, 552, 88, 683, 735, 392, 885, 978, 66, 435, 645, 965, 177, 914, 584, 851, 319, 550, 784, 422, 247, 524, 912, 970, 119, 568, 980, 151, 125, 229, 235, 903, 781, 591, 450, 160, 609, 973, 666, 258, 756, 423, 670, 709, 971, 53, 430, 949, 180, 791, 656, 919, 362, 190, 384, 318, 628, 938, 884, 608, 347, 698, 662, 647, 380, 751, 25, 21, 428, 270, 969, 549, 454, 727, 482, 852, 373, 275, 618, 206, 105, 908, 260, 876, 832, 690, 536, 446, 633, 627, 265, 936, 283, 872, 573, 932, 26, 533, 23, 82, 537, 132, 351, 504, 629, 165, 187, 204, 467, 557, 833, 931, 743, 434, 116, 443, 721, 689, 630, 587, 417, 963, 807, 759, 142, 697, 453, 882, 367, 129, 457, 507, 353, 658, 510, 231, 230, 139, 290, 55, 487, 944, 768, 399, 740, 847, 535, 320, 996, 635, 988, 843, 369, 985, 737, 589, 171, 359, 473, 219, 620, 762, 713, 328, 624, 244, 984, 803, 302, 130, 745, 426, 741, 237, 394, 954, 210, 696, 409, 495, 775, 491, 530, 816, 773, 945, 848, 97, 976, 974, 669, 341, 637, 763, 870, 622, 574, 558, 712, 652, 846, 585, 750, 742, 730, 110, 744, 441, 199, 757, 61, 667, 780, 40, 675, 406, 360, 222, 183, 121, 553, 799, 849, 292, 501, 623, 59, 634, 840, 27, 663, 154, 855, 834, 844, 99, 946, 95, 198, 605, 922, 853, 192, 542, 374, 905, 814, 278, 113, 614, 233, 254, 336, 246, 887, 404, 185, 474, 314, 60, 324, 184, 7, 345, 298, 272, 526, 413, 12, 909, 383, 544, 315, 429, 619, 45, 326, 259, 494, 375, 964, 915, 824, 506, 567, 958, 655, 734, 771, 559, 307, 57], [242, 370, 211, 951, 842, 432, 179, 599, 209, 943, 62, 361, 548, 157, 512, 563, 484, 927, 143, 135, 50, 640, 170, 149, 560, 72, 968, 334, 176, 2, 685, 691, 63, 654, 819, 152, 223, 992, 444, 401, 755, 333, 213, 769, 391, 287, 551, 648, 312, 433, 327, 702, 592, 156, 546, 96, 267, 285, 421, 410, 579, 900, 539, 117, 719, 385, 281, 934, 305, 918, 408, 54, 883, 998, 239, 503, 778, 390, 316, 3, 76, 492, 991, 306, 440, 700, 736, 860, 411, 644, 490, 839, 289, 606, 379, 671, 615, 910, 212, 174, 867, 582, 469, 770, 486, 676, 29, 878, 677, 107, 911, 376, 877, 960, 144, 603, 340, 925, 297, 817, 598, 339, 886, 301, 678, 804, 522, 286, 810, 547, 617, 792, 348, 523, 343, 329, 470, 274, 87, 540, 604, 880, 562, 856, 252, 811, 381, 141, 30, 718, 822, 46, 214, 836, 321, 529, 940, 445, 861, 955, 815, 268, 498, 594, 821, 357, 517, 85, 19, 818, 959, 578, 236, 167, 987, 786, 686, 746, 70, 150, 545, 250, 169, 820, 518, 403, 335, 133, 576, 580, 857, 831, 897, 767, 641, 378, 419, 649, 829, 322], [0.00024887230952095273, 0.0005528294109047683, 0.0002620340630472103, 0.00028608346124640497, 0.0003727297354066169, 0.00041348608541219784, 0.0004001457217927544, 0.000350038722867827, 0.00028936619692247387, 0.0002508934642997262, 0.0002614636647286109, 0.00030695354521973123, 0.00032719894248412303, 0.0002998626370591435, 0.00026250159139418726, 0.0002483728243574273, 0.00025832183024970595, 0.0002760259105976627, 0.0002869124726645378, 0.0002850699492118274, 0.00027267557537516104, 0.0002574047966719456, 0.00024870008128144157, 0.00025191505080011, 0.00026254753144252586, 0.000268750879094546, 0.00026410467121383373, 0.00025428747494609966, 0.0002485930584493831, 0.0002501270967307923, 0.00025531028494405936, 0.00025891421462933656, 0.00025817643061262503, 0.00025396510553030366, 0.0002496322313764915, 0.0002484374044528391, 0.0002507925821861626, 0.0002537072510572832, 0.00025388059492408824, 0.00025130986819507195, 0.0002488090717237955, 0.00024851935938719, 0.00025002316354772234, 0.0002514198194216522, 0.0002513348412544145, 0.0002499501475062289, 0.00024859695706882677, 0.0002484417518748566, 0.000249359928784879, 0.0002501272415654245, 0.00024984396788097304, 0.00024890240726101995, 0.0002483373664258161, 0.00024858212463646815, 0.0002491562768328204, 0.00024935448518779513, 0.0002489862706323922, 0.000248472394350689, 0.0002483306236524129, 0.0002486136689834648, 0.00024889686258579237, 0.00024881970439615366, 0.0002484983980743778, 0.0002483111856377615, 0.0002484139566813155, 0.00024861012567369516], {'Geodset': Geometry(Si64, Si64, ..., Si64, Si64, pbc=[True, True, True]), 'GeoSi64': Geometry(Si64, pbc=[True, True, True]), 'formation_energy': tensor([0.1009, 0.1555, 0.1285, 0.1556, 0.0544, 0.1464, 0.1060, 0.1357, 0.1237,
        0.1507, 0.1346, 0.1299, 0.1430, 0.1335, 0.1601, 0.1175, 0.1368, 0.1590,
        0.1576, 0.1345, 0.1441, 0.1277, 0.1466, 0.1145, 0.1443, 0.1413, 0.1338,
        0.1677, 0.1651, 0.1420, 0.1443, 0.1561, 0.1572, 0.1133, 0.1543, 0.1034,
        0.1103, 0.1451, 0.1607, 0.1406, 0.1533, 0.1273, 0.1198, 0.1203, 0.1430,
        0.1578, 0.1402, 0.1355, 0.1366, 0.1250, 0.1383, 0.1222, 0.1478, 0.1652,
        0.1499, 0.1742, 0.1401, 0.1550, 0.1464, 0.1201, 0.1233, 0.1265, 0.1209,
        0.1651, 0.1426, 0.1667, 0.1242, 0.1337, 0.1336, 0.0914, 0.1462, 0.1631,
        0.1612, 0.1530, 0.1216, 0.1431, 0.1480, 0.1457, 0.1410, 0.1167, 0.1227,
        0.1716, 0.1791, 0.1308, 0.1489, 0.1563, 0.1386, 0.1705, 0.1361, 0.1308,
        0.1420, 0.1530, 0.1841, 0.1571, 0.1079, 0.1307, 0.1310, 0.1576, 0.0902,
        0.1460, 0.1351, 0.1317, 0.1477, 0.1154, 0.1500, 0.1689, 0.1464, 0.1475,
        0.1752, 0.1692, 0.1716, 0.1495, 0.1668, 0.1499, 0.1658, 0.1415, 0.1262,
        0.1389, 0.1399, 0.1362, 0.1742, 0.1324, 0.1240, 0.1227, 0.1266, 0.1247,
        0.1532, 0.1132, 0.1486, 0.1492, 0.1413, 0.1421, 0.1579, 0.1419, 0.1454,
        0.1468, 0.1240, 0.1444, 0.1485, 0.1672, 0.1356, 0.1563, 0.1301, 0.1317,
        0.1202, 0.1202, 0.1661, 0.1077, 0.1392, 0.1289, 0.1452, 0.1365, 0.1534,
        0.1562, 0.1560, 0.1643, 0.1089, 0.1389, 0.1230, 0.1398, 0.1200, 0.1766,
        0.1570, 0.1321, 0.1754, 0.1383, 0.1275, 0.1407, 0.1600, 0.1534, 0.1635,
        0.1528, 0.1454, 0.1210, 0.1470, 0.1426, 0.1408, 0.1145, 0.1145, 0.1424,
        0.1434, 0.0988, 0.1411, 0.1698, 0.1503, 0.1213, 0.1393, 0.1249, 0.1469,
        0.1528, 0.1166, 0.1423, 0.1614, 0.1621, 0.1381, 0.1536, 0.1315, 0.1182,
        0.1368, 0.1499, 0.1347, 0.1135, 0.1535, 0.1361, 0.1536, 0.1534, 0.1500,
        0.1731, 0.1510, 0.1269, 0.1287, 0.1600, 0.1378, 0.1574, 0.1415, 0.1308,
        0.1639, 0.1560, 0.1311, 0.1119, 0.1283, 0.1304, 0.1696, 0.1295, 0.1125,
        0.1498, 0.1038, 0.1384, 0.1329, 0.1376, 0.1838, 0.1340, 0.1368, 0.1441,
        0.1353, 0.1558, 0.1393, 0.1105, 0.1547, 0.1349, 0.0914, 0.1349, 0.1152,
        0.1131, 0.1484, 0.1703, 0.1571, 0.1105, 0.1275, 0.1560, 0.1091, 0.1451,
        0.1466, 0.1654, 0.1373, 0.1381, 0.1291, 0.1502, 0.1306, 0.1413, 0.1335,
        0.1313, 0.1362, 0.1400, 0.1445, 0.1445, 0.1179, 0.1364, 0.1234, 0.1191,
        0.1419, 0.1540, 0.1761, 0.1334, 0.1290, 0.1019, 0.1299, 0.1450, 0.1265,
        0.1364, 0.1621, 0.1410, 0.1617, 0.1490, 0.1409, 0.1173, 0.1357, 0.1424,
        0.1181, 0.1449, 0.1150, 0.1335, 0.1583, 0.1626, 0.1677, 0.1412, 0.1247,
        0.1721, 0.1117, 0.1590, 0.1687, 0.1322, 0.1377, 0.1372, 0.1441, 0.1722,
        0.1527, 0.1115, 0.1169, 0.1609, 0.1476, 0.1491, 0.0967, 0.1290, 0.1752,
        0.1229, 0.1691, 0.1181, 0.1535, 0.1338, 0.1372, 0.1224, 0.1695, 0.1566,
        0.1605, 0.1777, 0.1486, 0.1416, 0.1547, 0.1330, 0.1692, 0.1220, 0.1166,
        0.1347, 0.1127, 0.1519, 0.1163, 0.1457, 0.1279, 0.1585, 0.1490, 0.1423,
        0.1543, 0.1412, 0.1318, 0.1587, 0.1068, 0.1367, 0.1414, 0.1476, 0.1340,
        0.1272, 0.1511, 0.1660, 0.0941, 0.1344, 0.1788, 0.1318, 0.1413, 0.1413,
        0.1144, 0.1360, 0.1240, 0.1172, 0.1110, 0.1457, 0.1438, 0.1576, 0.1197,
        0.1229, 0.1136, 0.1414, 0.1445, 0.1414, 0.1484, 0.1128, 0.1650, 0.1429,
        0.1785, 0.1125, 0.1230, 0.1256, 0.1605, 0.1579, 0.1607, 0.1664, 0.1697,
        0.1345, 0.1152, 0.1265, 0.0639, 0.1267, 0.1532, 0.1434, 0.0999, 0.1232,
        0.1400, 0.1082, 0.1014, 0.1368, 0.1158, 0.1612, 0.1672, 0.1228, 0.1473,
        0.1390, 0.1298, 0.1504, 0.1518, 0.1705, 0.1303, 0.1282, 0.1569, 0.1351,
        0.1392, 0.1613, 0.1178, 0.0745, 0.1444, 0.1370, 0.1390, 0.1351, 0.1395,
        0.1590, 0.1279, 0.1568, 0.1263, 0.1580, 0.1304, 0.1215, 0.1321, 0.1248,
        0.1673, 0.1159, 0.1347, 0.1400, 0.1699, 0.1195, 0.1484, 0.1477, 0.0904,
        0.1416, 0.1260, 0.1418, 0.1378, 0.1020, 0.1206, 0.1225, 0.1338, 0.1578,
        0.1119, 0.1407, 0.1290, 0.1743, 0.1540, 0.1363, 0.1694, 0.1526, 0.1103,
        0.1754, 0.1651, 0.1380, 0.0000, 0.1490, 0.1357, 0.1289, 0.1408, 0.1536,
        0.1357, 0.1451, 0.1070, 0.1543, 0.1205, 0.1559, 0.1419, 0.1510, 0.1407,
        0.1511, 0.1563, 0.1383, 0.1373, 0.1433, 0.1426, 0.1218, 0.1214, 0.1196,
        0.1256, 0.1296, 0.1610, 0.1196, 0.1266, 0.0971, 0.1315, 0.1365, 0.1412,
        0.1498, 0.1615, 0.1311, 0.1286, 0.1652, 0.1215, 0.1362, 0.1651, 0.1239,
        0.1913, 0.1291, 0.1497, 0.1557, 0.1413, 0.1194, 0.1144, 0.1320, 0.1452,
        0.1550, 0.1276, 0.1605, 0.1774, 0.1577, 0.1259, 0.1443, 0.1516, 0.1352,
        0.1083, 0.1058, 0.1375, 0.0998, 0.1336, 0.1394, 0.1365, 0.1103, 0.1123,
        0.1552, 0.1373, 0.1730, 0.1426, 0.1369, 0.1214, 0.1232, 0.1329, 0.1457,
        0.1170, 0.1166, 0.1492, 0.1655, 0.1497, 0.1502, 0.1409, 0.1095, 0.1314,
        0.1255, 0.1767, 0.1248, 0.1701, 0.1145, 0.1187, 0.1507, 0.1256, 0.1590,
        0.1547, 0.1298, 0.1333, 0.1492, 0.1216, 0.1541, 0.1339, 0.1305, 0.1272,
        0.1424, 0.1303, 0.1629, 0.1493, 0.1444, 0.1537, 0.1438, 0.1582, 0.1019,
        0.1547, 0.1691, 0.1361, 0.1166, 0.1225, 0.1398, 0.1424, 0.1165, 0.1482,
        0.1216, 0.1289, 0.1578, 0.1596, 0.1409, 0.1171, 0.1478, 0.1495, 0.1560,
        0.1344, 0.1283, 0.1615, 0.1332, 0.1375, 0.1364, 0.1379, 0.1204, 0.1421,
        0.1211, 0.1304, 0.1407, 0.1695, 0.1274, 0.1459, 0.1255, 0.1258, 0.1462,
        0.1428, 0.1149, 0.1543, 0.1249, 0.1457, 0.0945, 0.1596, 0.1408, 0.1340,
        0.1296, 0.1195, 0.1559, 0.1159, 0.1537, 0.1565, 0.1262, 0.1400, 0.1343,
        0.1491, 0.1462, 0.1618, 0.1777, 0.1207, 0.1425, 0.1380, 0.1460, 0.1503,
        0.1519, 0.1077, 0.1445, 0.1319, 0.1396, 0.1330, 0.1624, 0.1481, 0.0847,
        0.1275, 0.1569, 0.1416, 0.1297, 0.1321, 0.1544, 0.1317, 0.1235, 0.1219,
        0.1429, 0.1179, 0.1429, 0.1187, 0.1574, 0.1380, 0.1231, 0.1277, 0.1398,
        0.1459, 0.1311, 0.1189, 0.1341, 0.1241, 0.1184, 0.1574, 0.1481, 0.1417,
        0.1277, 0.1370, 0.1372, 0.1175, 0.1264, 0.1317, 0.1393, 0.1605, 0.1171,
        0.1187, 0.1809, 0.1596, 0.1318, 0.1514, 0.1457, 0.1362, 0.1061, 0.1719,
        0.1488, 0.1366, 0.1264, 0.1190, 0.1249, 0.1679, 0.1486, 0.1421, 0.1426,
        0.1375, 0.1486, 0.1517, 0.1031, 0.1301, 0.1219, 0.1666, 0.1095, 0.1426,
        0.1341, 0.1552, 0.1083, 0.1274, 0.1480, 0.1451, 0.1443, 0.0990, 0.1449,
        0.1199, 0.0907, 0.1439, 0.1364, 0.1356, 0.1887, 0.1572, 0.1554, 0.1363,
        0.1726, 0.1196, 0.1315, 0.1436, 0.1588, 0.1804, 0.1500, 0.1769, 0.1181,
        0.1494, 0.1477, 0.1456, 0.1573, 0.1520, 0.1305, 0.1385, 0.1359, 0.1575,
        0.1344, 0.1691, 0.1354, 0.1217, 0.1334, 0.1409, 0.1038, 0.1263, 0.1622,
        0.1927, 0.1254, 0.1387, 0.1521, 0.1552, 0.1387, 0.1541, 0.1172, 0.1564,
        0.1560, 0.1395, 0.1416, 0.1450, 0.1584, 0.0164, 0.1410, 0.1294, 0.1400,
        0.1140, 0.1365, 0.0756, 0.1512, 0.1362, 0.1418, 0.1541, 0.1439, 0.1191,
        0.1705, 0.1457, 0.1060, 0.1370, 0.1281, 0.1437, 0.1591, 0.1154, 0.1572,
        0.1658, 0.1594, 0.1388, 0.1540, 0.1686, 0.1222, 0.1316, 0.1675]), 'elec_energy_defects': tensor([-88.1798, -88.1621, -88.1651, -88.1610, -88.2469, -88.1130, -88.1891,
        -88.1758, -88.1728, -88.1922, -88.1717, -88.1658, -88.1741, -88.1962,
        -88.1746, -88.1766, -88.1757, -88.1547, -88.1577, -88.1009, -88.1628,
        -88.1838, -88.1043, -88.1700, -88.1708, -88.1858, -88.1793, -88.1556,
        -88.1350, -88.1246, -88.1039, -88.1398, -88.1618, -88.1665, -88.1613,
        -88.1250, -88.1870, -88.1843, -88.1758, -88.1541, -88.1404, -88.1883,
        -88.1994, -88.1838, -88.1772, -88.1358, -88.1879, -88.1712, -88.1290,
        -88.1915, -88.1736, -88.1058, -88.1353, -88.1615, -88.1216, -88.1425,
        -88.1812, -88.1183, -88.1721, -88.1826, -88.1610, -88.1734, -88.1639,
        -88.1578, -88.1421, -88.1845, -88.1616, -88.1586, -88.1864, -88.1099,
        -88.1707, -88.1367, -89.4300, -88.1589, -88.1829, -88.1647, -88.1758,
        -88.1607, -88.1630, -88.1400, -88.1604, -88.1034, -88.1443, -88.1749,
        -88.1744, -88.1062, -88.1276, -88.1335, -88.1454, -88.1334, -88.1635,
        -88.1752, -88.1030, -88.1551, -88.1828, -88.1773, -88.1105, -88.1820,
        -88.1486, -88.1770, -88.1528, -88.1699, -88.1949, -88.1386, -88.1457,
        -88.1192, -88.1178, -88.1487, -88.1644, -88.1434, -88.1587, -88.1887,
        -88.1440, -88.1279, -88.1615, -88.1862, -88.1767, -88.1480, -88.1706,
        -88.1941, -88.1388, -88.1581, -88.1976, -88.1861, -88.1028, -88.1688,
        -88.1810, -88.1796, -88.1842, -88.1312, -88.1653, -88.1569, -88.1595,
        -88.1965, -88.1606, -88.1713, -88.1920, -88.1355, -88.1319, -88.1419,
        -88.1582, -88.1682, -88.1776, -88.1724, -88.1471, -88.1913, -88.1414,
        -88.1996, -88.1834, -88.1740, -88.1582, -88.1799, -88.1584, -88.1473,
        -88.1684, -88.1324, -88.1799, -88.1096, -88.1674, -88.1777, -88.1763,
        -88.1399, -88.1719, -88.1491, -88.1344, -88.1748, -88.1443, -88.1761,
        -88.1824, -88.1785, -88.1638, -88.1741, -88.1146, -88.1706, -88.1348,
        -88.1150, -88.1486, -88.1914, -88.1609, -88.1621, -88.1689, -88.1675,
        -88.1775, -88.1633, -88.1799, -88.1932, -88.1522, -88.1393, -88.1543,
        -88.1350, -88.1311, -88.1593, -88.1737, -88.1379, -88.1495, -88.1495,
        -88.1449, -88.1629, -88.1632, -88.1929, -88.1171, -88.1563, -88.1529,
        -88.1901, -88.1389, -88.1618, -88.1656, -88.1545, -88.1794, -88.1400,
        -88.1667, -88.1683, -88.1890, -88.1684, -88.1857, -88.1625, -88.1736,
        -88.1714, -88.1859, -88.1823, -88.1792, -88.1137, -88.1555, -88.1303,
        -88.1577, -88.2008, -88.1967, -88.1939, -88.1300, -88.1564, -88.1500,
        -88.1709, -88.1943, -88.1613, -88.1556, -88.1809, -88.1763, -88.1733,
        -88.1405, -88.1453, -88.2298, -88.1664, -88.1728, -88.1450, -88.1643,
        -88.1482, -88.1539, -88.1835, -88.1657, -88.1459, -88.1696, -88.1738,
        -88.1883, -88.1200, -88.1487, -88.1785, -88.1583, -89.4713, -88.1799,
        -88.1667, -88.1772, -88.1737, -88.1938, -88.1773, -88.1497, -88.1786,
        -88.1945, -88.1702, -88.1966, -88.1933, -88.1762, -88.1622, -88.1508,
        -88.1647, -88.1417, -88.1362, -88.1959, -88.1804, -88.1748, -88.1381,
        -88.1400, -88.1655, -88.1664, -88.1652, -88.1966, -88.1854, -88.2010,
        -88.1844, -88.1607, -88.1104, -88.1680, -88.1727, -88.1596, -88.1602,
        -88.1614, -88.1598, -88.1815, -88.1378, -88.1834, -88.1729, -88.1354,
        -88.1568, -88.1770, -88.1635, -88.1334, -88.1181, -88.1704, -88.1705,
        -88.1487, -88.1712, -88.1811, -88.1520, -88.1803, -88.1553, -88.1076,
        -88.1608, -88.1556, -88.1599, -88.1817, -88.1128, -88.1876, -88.1619,
        -88.1551, -88.1316, -88.1691, -88.1383, -88.1692, -88.1844, -88.1720,
        -88.1514, -88.1666, -88.1876, -88.1704, -88.1130, -88.1943, -88.1696,
        -88.1980, -88.1478, -88.1906, -88.1484, -88.1638, -88.1820, -89.4958,
        -88.1785, -88.1813, -88.1592, -88.1898, -88.1856, -88.1729, -88.1699,
        -88.1699, -88.1807, -88.1286, -88.1063, -88.1946, -88.1838, -88.1405,
        -88.1654, -88.1282, -88.1847, -88.1825, -88.1603, -88.1642, -88.1351,
        -88.1637, -88.1073, -88.1867, -88.1541, -88.1532, -88.1693, -88.1947,
        -88.1519, -88.1332, -88.1575, -88.1734, -88.1896, -88.1214, -88.1529,
        -88.1408, -88.1861, -88.1716, -88.1445, -88.1869, -88.1619, -88.1572,
        -88.1475, -88.1510, -88.1849, -88.1709, -88.1829, -88.1553, -88.1735,
        -88.1437, -88.2041, -88.1736, -88.1914, -88.1806, -88.1680, -88.2054,
        -88.1371, -88.1577, -88.1382, -88.1865, -88.1564, -88.1469, -88.1498,
        -88.1752, -88.1151, -88.1678, -88.1611, -88.1300, -88.1606, -88.1711,
        -88.1427, -88.1787, -88.1520, -88.1873, -88.1395, -88.1711, -88.1489,
        -88.1355, -88.1677, -88.1700, -88.1580, -88.1905, -88.1569, -88.1679,
        -88.1553, -88.1956, -88.1413, -88.1752, -88.1861, -88.1366, -88.1379,
        -88.1170, -88.1945, -88.1330, -88.1774, -88.1651, -88.1833, -88.1694,
        -88.1801, -88.1671, -88.1694, -88.1750, -88.1679, -88.2006, -88.1651,
        -88.1922, -88.1446, -88.1928, -88.1773, -88.1715, -88.0982, -88.1757,
        -88.1673, -88.1779, -88.1856, -88.1936, -88.1631, -88.1484, -88.1717,
        -88.2636, -88.1724, -88.1415, -88.1471, -88.1697, -88.1198, -88.1746,
        -88.1750, -88.2103, -88.1327, -88.1755, -88.1768, -88.1646, -88.1709,
        -88.1253, -88.1436, -88.1225, -88.1589, -88.1685, -88.1357, -88.1585,
        -88.1919, -88.1725, -88.1782, -88.1943, -88.1733, -88.1452, -88.1704,
        -88.1604, -88.1907, -88.1718, -88.1395, -88.1434, -88.1497, -88.1629,
        -88.1676, -88.1807, -88.1246, -88.1420, -88.1280, -88.1619, -88.1739,
        -88.1333, -88.1912, -88.1690, -88.1672, -88.1631, -88.1860, -88.1848,
        -88.1889, -88.1633, -88.1446, -88.1767, -88.1651, -88.1414, -88.1835,
        -88.1729, -88.1820, -88.1365, -88.1673, -88.1986, -88.2025, -88.1803,
        -88.1757, -88.1763, -88.1868, -88.1664, -88.1898, -88.1733, -88.1502,
        -88.1664, -88.1267, -88.1712, -88.1445, -88.1418, -88.1729, -88.1191,
        -88.1850, -88.1786, -88.1813, -88.1677, -88.1269, -88.1894, -88.1597,
        -88.1708, -88.1703, -88.1734, -88.1879, -88.1640, -88.1883, -88.1518,
        -88.1822, -88.1896, -88.1757, -88.1489, -88.1787, -88.1723, -88.1595,
        -88.1464, -88.1525, -88.1763, -88.1642, -88.1710, -88.1748, -88.1770,
        -88.1903, -88.1773, -88.1614, -88.1786, -88.1614, -88.1590, -88.1577,
        -88.1380, -88.1190, -88.1788, -88.1449, -88.1524, -88.1675, -88.1703,
        -88.1623, -88.1889, -88.2010, -88.1827, -88.1624, -88.1988, -88.1372,
        -88.1430, -88.1842, -88.1651, -88.1727, -88.1673, -88.1710, -88.1715,
        -88.1782, -88.1594, -88.1729, -88.1320, -88.1804, -88.1453, -88.1830,
        -88.1497, -88.1892, -88.1354, -88.1955, -88.1349, -88.1266, -88.1645,
        -88.1496, -88.1965, -88.1620, -88.1655, -88.1876, -88.1352, -88.1499,
        -88.1800, -88.2103, -88.1643, -88.1868, -88.1772, -88.1897, -88.1406,
        -88.1728, -88.1652, -88.1720, -88.1595, -88.1924, -88.1799, -88.1801,
        -88.1833, -88.1685, -88.1337, -88.1621, -88.1670, -88.1776, -88.1820,
        -88.1290, -88.1777, -88.1667, -88.1888, -88.1701, -88.1796, -88.1418,
        -88.1579, -88.1038, -88.1385, -88.1759, -88.1833, -88.1728, -88.1659,
        -88.2039, -88.1731, -88.1736, -88.1812, -88.1931, -88.1457, -88.1737,
        -88.1636, -88.1620, -88.1972, -88.1484, -88.1726, -88.1885, -88.1469,
        -88.1448, -88.1414, -88.1340, -88.1846, -88.1688, -88.2009, -88.1801,
        -88.1581, -88.1632, -88.1534, -88.1740, -88.1865, -88.1337, -88.1875,
        -88.1786, -88.1722, -88.1291, -88.1664, -88.1642, -88.1572, -88.1639,
        -88.1400, -88.1750, -88.1705, -88.1788, -88.1920, -88.1783, -88.1638,
        -88.1748, -88.1832, -88.1280, -88.1634, -88.1626, -88.1689, -88.1560,
        -88.1842, -88.1697, -88.1782, -88.1614, -88.1587, -88.2125, -88.2025,
        -88.1895, -88.1659, -88.1969, -88.1631, -88.1734, -88.1644, -88.1242,
        -88.1826, -88.1701, -88.1365, -88.1731, -88.1345, -88.1723, -88.1799,
        -88.1563, -88.1631, -88.1596, -88.1437, -88.1336, -88.1409, -88.1546,
        -88.1895, -88.1578, -88.1927, -88.1421, -88.1750, -88.1566, -88.1285,
        -88.1661, -88.1618, -88.1331, -88.1743, -88.1189, -88.1807, -88.1622,
        -88.1607, -88.1642, -88.1764, -88.1035, -88.1317, -88.1653, -88.1459,
        -88.1959, -88.1614, -88.1633, -88.1790, -88.1976, -88.1759, -88.1246,
        -88.0953, -88.1719, -88.1198, -88.1360, -88.1291, -88.1678, -88.1699,
        -88.1810, -88.1330, -88.1346, -88.1161, -88.1297, -88.1849, -88.1361,
        -88.2591, -88.1687, -88.1639, -88.1677, -88.1945, -88.1765, -88.1723,
        -88.1785, -88.1694, -88.1531, -88.1242, -88.1836, -88.1948, -88.1102,
        -88.1784, -88.1705, -88.1723, -88.1772, -88.1836, -88.1636, -88.1942,
        -88.1636, -88.1361, -88.1519, -88.1805, -88.1594, -88.1636, -88.2114,
        -88.1666, -88.1446]), 'elec_energy_Si64': -88.2635544138, 'alpha': {14: Parameter containing:
tensor([0.9668], requires_grad=True)}, 'Z': {14: Parameter containing:
tensor([13.6308], requires_grad=True)}, 'repulsive_feed': PairwiseRepulsiveEnergyFeed(
  (repulsive_feeds): ModuleDict(
    ((14, 14)): xTBRepulsive()
  )
)}, tensor([0.1631, 0.1248, 0.1128, 0.1648, 0.1517, 0.0857, 0.1241, 0.1308, 0.1355,
        0.1534, 0.0811, 0.1313, 0.1401, 0.1368, 0.1502, 0.1312, 0.1552, 0.1323,
        0.1399, 0.1346, 0.1723, 0.1421, 0.1415, 0.1298, 0.1411, 0.1715, 0.1248,
        0.1558, 0.1583, 0.1406, 0.1228, 0.1475, 0.1000, 0.1193, 0.1439, 0.1382,
        0.1894, 0.1486, 0.1458, 0.1487, 0.1241, 0.1423, 0.1420, 0.1436, 0.1541,
        0.1493, 0.1015, 0.1516, 0.1339, 0.1000, 0.1328, 0.1395, 0.1241, 0.1457,
        0.1606, 0.1284, 0.1380, 0.1352, 0.1456, 0.1484, 0.1475, 0.1379, 0.1604,
        0.1034, 0.1338, 0.1196, 0.1550, 0.1059, 0.1091, 0.1437, 0.1626, 0.0804,
        0.1354, 0.1460, 0.1488, 0.1419, 0.1354, 0.1543, 0.1649, 0.1996, 0.1128,
        0.1511, 0.1215, 0.1163, 0.1369, 0.1305, 0.1389, 0.1687, 0.1373, 0.1224,
        0.1341, 0.1651, 0.1578, 0.1255, 0.1347, 0.1751, 0.1338, 0.1441, 0.1223,
        0.1310, 0.1724, 0.1281, 0.1359, 0.1550, 0.1369, 0.1449, 0.1577, 0.1135,
        0.1433, 0.1501, 0.1261, 0.1157, 0.1282, 0.1298, 0.1195, 0.1758, 0.1421,
        0.1534, 0.1288, 0.1160, 0.1260, 0.1359, 0.1383, 0.1454, 0.1376, 0.1417,
        0.1314, 0.1399, 0.1110, 0.1569, 0.1384, 0.1550, 0.1331, 0.1173, 0.1535,
        0.1095, 0.1362, 0.1198, 0.1412, 0.1525, 0.1562, 0.1257, 0.1448, 0.1265,
        0.1321, 0.1266, 0.1619, 0.1755, 0.1774, 0.1404, 0.1249, 0.1492, 0.1598,
        0.1337, 0.1185, 0.1309, 0.1081, 0.1342, 0.1679, 0.1231, 0.1104, 0.1551,
        0.1434, 0.1522, 0.1376, 0.1322, 0.1118, 0.1595, 0.1083, 0.1321, 0.1465,
        0.1573, 0.1348, 0.1374, 0.1425, 0.1339, 0.1232, 0.1127, 0.1321, 0.1348,
        0.1532, 0.1181, 0.1501, 0.1455, 0.1260, 0.1265, 0.1610, 0.1281, 0.1674,
        0.1413, 0.1131, 0.1326, 0.1417, 0.1480, 0.1407, 0.1172, 0.1411, 0.1555,
        0.1220, 0.1230]), tensor([0.1629, 0.1097, 0.1307, 0.1492, 0.1480, 0.0902, 0.1443, 0.1380, 0.1467,
        0.1433, 0.1267, 0.1500, 0.1448, 0.1754, 0.1284, 0.1232, 0.1396, 0.1433,
        0.1489, 0.1532, 0.1818, 0.1278, 0.1465, 0.1298, 0.1119, 0.1767, 0.1358,
        0.1763, 0.1736, 0.3001, 0.1158, 0.1405, 0.1342, 0.1114, 0.1310, 0.1619,
        0.1856, 0.1403, 0.1360, 0.1212, 0.1285, 0.1643, 0.1571, 0.1421, 0.1670,
        0.1565, 0.1083, 0.1481, 0.1761, 0.0986, 0.1274, 0.1461, 0.1238, 0.1796,
        0.1603, 0.1717, 0.1631, 0.1455, 0.1305, 0.1597, 0.1421, 0.1395, 0.1540,
        0.1280, 0.1354, 0.1202, 0.1742, 0.1068, 0.1059, 0.1446, 0.1676, 0.0961,
        0.1282, 0.1580, 0.1645, 0.1410, 0.1271, 0.1686, 0.1743, 0.1166, 0.1559,
        0.1395, 0.1211, 0.1161, 0.1356, 0.1377, 0.1362, 0.1544, 0.1478, 0.1214,
        0.1246, 0.1574, 0.1685, 0.1240, 0.1391, 0.1626, 0.1270, 0.1351, 0.1397,
        0.1583, 0.1598, 0.1148, 0.1303, 0.1485, 0.1277, 0.1430, 0.1659, 0.1176,
        0.1422, 0.1606, 0.1266, 0.1195, 0.1275, 0.1392, 0.1262, 0.1745, 0.1498,
        0.1658, 0.1374, 0.1184, 0.1304, 0.1494, 0.1334, 0.1346, 0.1383, 0.1320,
        0.1283, 0.1483, 0.1131, 0.1572, 0.1199, 0.1356, 0.1243, 0.1161, 0.1486,
        0.1164, 0.1343, 0.1249, 0.1282, 0.1478, 0.1574, 0.1227, 0.1240, 0.1284,
        0.1570, 0.1233, 0.1578, 0.1914, 0.1707, 0.1368, 0.1167, 0.1859, 0.1739,
        0.1415, 0.1051, 0.1180, 0.1191, 0.1283, 0.1513, 0.1341, 0.1161, 0.1718,
        0.1299, 0.1419, 0.1248, 0.1441, 0.1137, 0.1502, 0.1670, 0.1261, 0.1506,
        0.1519, 0.1655, 0.1270, 0.1472, 0.1303, 0.1189, 0.1081, 0.1549, 0.1430,
        0.1556, 0.1389, 0.1447, 0.1303, 0.1262, 0.1166, 0.1798, 0.1419, 0.1576,
        0.1328, 0.1233, 0.1327, 0.1447, 0.1440, 0.1274, 0.1258, 0.1331, 0.1484,
        0.1193, 0.1077], grad_fn=<SubBackward0>), [0.10087664888936487, 0.15554419254191032, 0.12853696437239392, 0.15558144018728726, 0.05440996432945333, 0.14638310483613814, 0.10602811959090097, 0.13567463463683715, 0.12368868846052194, 0.15074831969685398, 0.1345517946725554, 0.1298866211676959, 0.14295626192779842, 0.1335254911414001, 0.16006903507610915, 0.11746359249011995, 0.1368377503908338, 0.15900783034394905, 0.15757346157818652, 0.13454112524116546, 0.1440585942990147, 0.12770384542543134, 0.14664735195667689, 0.11453781008459885, 0.14427598125335983, 0.14125094590464649, 0.1338123266017579, 0.16770120020905033, 0.16508835520662224, 0.14197034957923726, 0.14433590874437208, 0.15610605443468017, 0.15715821883300407, 0.11330080209626914, 0.15432909707332243, 0.10342717842967453, 0.11032222450864282, 0.14511469785743536, 0.16067292092396102, 0.14058690141253116, 0.15330291260997697, 0.12729196928587072, 0.1198153860932738, 0.12028923151631687, 0.14296438279353296, 0.15777580299157634, 0.140178427892927, 0.1354574464963374, 0.1366136688120374, 0.12495926254689493, 0.13827840292359994, 0.1222495889542099, 0.14779428073569711, 0.16522963063492746, 0.1498713319787175, 0.17424831250317396, 0.14014356711618348, 0.15504162605177108, 0.14635857686697307, 0.12007127531493289, 0.1232583384355177, 0.12654252377345898, 0.12091810543487647, 0.16508261496213095, 0.1426098569148504, 0.16672912434867015, 0.124181793102073, 0.13365422292276286, 0.133595549318704, 0.09143872925686658, 0.146177435036428, 0.16313002155403034, 0.16115512470524962, 0.1530460351989813, 0.12162570596141542, 0.14313556923206328, 0.1479724701255094, 0.14574151234385013, 0.14103199048912707, 0.11669466726325517, 0.12268785662118731, 0.17161870907376908, 0.17914863574839401, 0.13081342516768935, 0.1488833124238873, 0.15634741848581868, 0.13858417678086177, 0.17045154391170314, 0.1361341831026639, 0.13075046107999455, 0.14201741186671413, 0.1530126407202843, 0.18411778864100192, 0.15706144463175065, 0.10787921650954502, 0.13070632183378983, 0.13100248868263087, 0.157605203072265, 0.09023509700507759, 0.14603308736459297, 0.13511064569316567, 0.13172202097985775, 0.14770576263769186, 0.11540051297279597, 0.15003099823899113, 0.1689084537392791, 0.14636121840842087, 0.14750213389546474, 0.1752417242863924, 0.1692180105720098, 0.17157528533691568, 0.1494810747317903, 0.16683622547761168, 0.14989194136740736, 0.16584848595263502, 0.14153891103923932, 0.12619292561170425, 0.1388937589706245, 0.13986056203792252, 0.13620296718088554, 0.17420934278445088, 0.1324107352935311, 0.12396054379371968, 0.12267980851911453, 0.12655227777917766, 0.12466409674965284, 0.1531823119841622, 0.1132098890447839, 0.14861138175457533, 0.14921945261550285, 0.14132028783761363, 0.14205633748624713, 0.15791308634075563, 0.14193718992872206, 0.14543416745296334, 0.14677741002116207, 0.12398816973094462, 0.1443795096129712, 0.1484601053650909, 0.167185478930703, 0.13557331050171229, 0.1563274404505215, 0.1300617563211457, 0.13165064423679063, 0.12016145558488667, 0.12017694248523192, 0.1660608411894664, 0.10773471632801268, 0.13919146892360423, 0.12889505824299263, 0.14516772786772414, 0.13649604267654958, 0.153411695020516, 0.15615963494984975, 0.1560032224747694, 0.1642702244716734, 0.10889572671320735, 0.13889286338958584, 0.12302772650175164, 0.13980533882794433, 0.12004305624360967, 0.176608585645468, 0.15702224706721601, 0.1320664437342387, 0.17536815849998355, 0.13825222013234928, 0.12751490943064603, 0.1407263926611293, 0.16002279891344706, 0.15336499949129845, 0.16346652887139967, 0.15282867580662796, 0.14542249329503854, 0.12098435821962639, 0.1470392985700517, 0.1426070169270517, 0.14077876779845688, 0.11451515633098275, 0.11454257242956523, 0.1423981797030578, 0.14335644700474504, 0.09881171757357698, 0.14106118011011048, 0.16981858751067946, 0.15031284167110215, 0.12133284067188832, 0.13928037031706353, 0.12488302239821714, 0.14689274630623927, 0.1527874463719403, 0.11664582704345605, 0.1423432560000748, 0.16142180049677357, 0.16211582288288184, 0.1380615583892837, 0.15364030668854944, 0.13148114459225724, 0.11824623587234306, 0.1368083101394557, 0.14992206846365974, 0.134692718409827, 0.11354206876169748, 0.1535252338961275, 0.13605346027138054, 0.15361471225398304, 0.15338617040966795, 0.15002783853206658, 0.17309493017527267, 0.15102009785646864, 0.1268905608239077, 0.12868546435040784, 0.16000735096738694, 0.13776993963684525, 0.1573902930223916, 0.141521955635886, 0.13084987167779083, 0.16388673828779154, 0.15601520422453952, 0.1311204661416614, 0.11185638092027261, 0.12827957651327893, 0.13042656686579157, 0.16962271618336722, 0.12946045027587516, 0.11254299794999412, 0.14984969360893885, 0.10383444363148797, 0.13840154439771268, 0.13292691263099954, 0.13756751259752953, 0.18383858822030952, 0.1340283262691031, 0.1367673761693382, 0.1440741789525628, 0.13534742122364385, 0.15579578135761452, 0.13932789748349705, 0.110549969627602, 0.1547010880684887, 0.13493919061707516, 0.09135146982322873, 0.13486933125361666, 0.11523126469364264, 0.11311529407847587, 0.14843388986694173, 0.17028342604177205, 0.15707449321441302, 0.1105284293785207, 0.12753193576019584, 0.1559506646933002, 0.10907341851716446, 0.1451299469896501, 0.14655932703460905, 0.16542444468417195, 0.1373462489569377, 0.1380518069560175, 0.1290924381300762, 0.15024755842540927, 0.13055291067604458, 0.14133991748931507, 0.1334588583686358, 0.1313315219223785, 0.1361858816849253, 0.14001678745893997, 0.1444605205589582, 0.14446987656949162, 0.11793207140930306, 0.13641531947777352, 0.12344135521660071, 0.11914670530637572, 0.14192203377229973, 0.15399685818999842, 0.17610997558760744, 0.13335924123963672, 0.1289696020428508, 0.10187601369566401, 0.12985473120634516, 0.14498938376325476, 0.12645847733326399, 0.136432435843167, 0.16207918821624112, 0.1410405313996428, 0.16174249531478146, 0.14898081499675264, 0.14091304064296928, 0.11726119926018441, 0.1356692166839224, 0.14237679968103123, 0.11807263720815087, 0.14493229148263254, 0.1149859842669887, 0.13349493334306395, 0.1582674251653753, 0.16261610981242036, 0.16774326458839184, 0.14124169536467512, 0.1247157556426437, 0.17205551522010865, 0.11166860840910253, 0.1589919715404413, 0.16874676406119704, 0.13218578459320973, 0.13771798968920557, 0.13719969559064538, 0.14414147468314198, 0.1722350525751466, 0.1526937076648931, 0.11152400165452647, 0.11690255525219762, 0.1608900708451646, 0.14758650409721064, 0.14914186376661576, 0.09669996467838793, 0.12904477793108882, 0.1751887817394966, 0.12287375344683404, 0.16906240474460255, 0.11809104494481026, 0.1535375570471249, 0.1337571636606718, 0.13718157266124997, 0.1224169747775985, 0.1695261033116484, 0.15655787598752902, 0.16050237024874647, 0.17767649418940756, 0.1486017949582834, 0.14160407824893895, 0.15470546748549374, 0.13295105326228374, 0.1691859894155705, 0.12204539757982502, 0.1166048963807782, 0.13467804954944462, 0.11273545893998893, 0.15188794050519583, 0.11631247134815936, 0.14572581156243558, 0.12787670248825478, 0.15848850910176893, 0.14902109556387977, 0.1422933827567654, 0.15427607597474413, 0.14115098663943293, 0.1317523571797672, 0.15872161998960443, 0.10676579539714304, 0.13668999164669593, 0.1414070570352628, 0.14757910057828916, 0.13395730636197456, 0.12717169940397532, 0.15113060564779346, 0.1660105140919974, 0.09407490052555012, 0.13443432325172466, 0.1788206528043439, 0.13183309691574152, 0.14131540127993247, 0.1413335091421022, 0.11437928195090663, 0.1360370550054153, 0.12399412606146498, 0.11717731745696192, 0.11100106685126576, 0.1456655055533833, 0.14375284138886713, 0.1576193556046377, 0.11973854509313853, 0.12290602523366623, 0.1136366729153373, 0.1414322126828953, 0.1444508415218646, 0.14137691597426638, 0.14843256578877906, 0.11276501237928649, 0.16497671480111542, 0.14292051622731705, 0.17846008533670954, 0.11250983572702822, 0.12296367573652667, 0.12559350774673028, 0.16052552599813374, 0.1578638613555281, 0.1606842985148358, 0.1663863295893684, 0.16974559857474425, 0.1345411836725905, 0.11523587122147383, 0.12648019912401054, 0.0638969884093914, 0.12673274966953585, 0.15321628342725546, 0.1433773867698651, 0.09990554100619242, 0.1232217283909236, 0.13996907875084474, 0.10823425173386347, 0.10137673627007082, 0.13681116445949293, 0.11582439254423171, 0.16115563726645377, 0.1671934252371461, 0.12280784647322918, 0.14727780425872972, 0.13903304185055276, 0.12981765775277054, 0.1504067387677388, 0.1517678268079301, 0.1704950462921122, 0.13028171278826228, 0.1281900845581756, 0.15686157902035447, 0.13511727931373585, 0.1392182077321351, 0.1613392703337091, 0.11775112655513631, 0.07445743049200537, 0.14437029104491117, 0.137045821758905, 0.13898976988840772, 0.13507365235311752, 0.13950041792250545, 0.15896065817599236, 0.12787209008053146, 0.15679969021789297, 0.12633715458322214, 0.15797251073351326, 0.13035114402209125, 0.12146447895732848, 0.1321194634547158, 0.12480072302090939, 0.16731307258548256, 0.11591506341766511, 0.13474549374729428, 0.1399996714610392, 0.16988342213899443, 0.11952968949448284, 0.1483635281402158, 0.14769013572242073, 0.09041963594318325, 0.1416292493312863, 0.12601413463544908, 0.14183903358537364, 0.13783605791906695, 0.10197264530953909, 0.12059822939182041, 0.1225078411574394, 0.1337541167741758, 0.15776276102378972, 0.11186360400000872, 0.1406598036200606, 0.12903322504593717, 0.17425005515614345, 0.15397230596627764, 0.1363169176489354, 0.16937054305340382, 0.15261971032749244, 0.11031534099266338, 0.1754303523218379, 0.16505785877965806, 0.13797165410675838, 0.0, 0.14898310484716326, 0.1356532274203115, 0.12894506157891428, 0.14079822583080848, 0.15360654802404383, 0.13572104094887116, 0.145060361776153, 0.1070289675999394, 0.15431606870278713, 0.12046235537923522, 0.15590541231005695, 0.1418746175888259, 0.15096645890987226, 0.14070673581493054, 0.1511450150579421, 0.15632606014589356, 0.13833248175961188, 0.1372537435572223, 0.14326263920896842, 0.14258572988081397, 0.12177644103334728, 0.12140612102996862, 0.11962512602032405, 0.1256143357939017, 0.12961116513567994, 0.16104581301256538, 0.11960111327668699, 0.1265882693326379, 0.0970592198276421, 0.1314628959801727, 0.13648570141662653, 0.1411549331493962, 0.1497620589646953, 0.16145508399251085, 0.13110277832427109, 0.12862910044139753, 0.16518415738824288, 0.1215336672781202, 0.13617136386426765, 0.1651409728894908, 0.12392457061492124, 0.19128100483090194, 0.1290809484537636, 0.14969676827726275, 0.15565657344630957, 0.1413095691621269, 0.11938651780103271, 0.11442723393953003, 0.13204768577651826, 0.14516359356871433, 0.15495839985650228, 0.12757098853239235, 0.16053772824385248, 0.17739988459609712, 0.15768323364803472, 0.1259311579680933, 0.14426965595962216, 0.15157777253119775, 0.1351867461944103, 0.1082752996268912, 0.10577105181840452, 0.13753916233111774, 0.09983801375486756, 0.13362686305064742, 0.1393892688554672, 0.13651549850394318, 0.11031076864170686, 0.11229250132421598, 0.1552297267344116, 0.1372841414959982, 0.17302556950014747, 0.14261895090270116, 0.13685871882042555, 0.12141554686421863, 0.12324050178336243, 0.13286023833149585, 0.14567577662209708, 0.11698943065539424, 0.11655992880479715, 0.1491995469763765, 0.16546189334835226, 0.1496953332161386, 0.15021705823163956, 0.14087046875545717, 0.10945722625763565, 0.13143241719288312, 0.1255336570618084, 0.17668123832508442, 0.12480541149973412, 0.17009762439687748, 0.11450175495480508, 0.11869229219116129, 0.15073556694625445, 0.12562162465492932, 0.15896579205662853, 0.15471718537511414, 0.12984908540761708, 0.13332178963551122, 0.14924435359031385, 0.12162129751244422, 0.15414821616298013, 0.13393700346265014, 0.13051205534948096, 0.1272392700195013, 0.14240249848367803, 0.1303313607582144, 0.16285917425480534, 0.14928833077199855, 0.14437896278302276, 0.1536569710372504, 0.14375696686803963, 0.15818712274636404, 0.10193279470950856, 0.1547246260108519, 0.16914861314755925, 0.13607566568323648, 0.11659810841304363, 0.12253778524205572, 0.13978451114826562, 0.14238856644725217, 0.11647172858845067, 0.1482499396530148, 0.12155417523867484, 0.12887317181527536, 0.1577764663168839, 0.1596043314150375, 0.14089766141814764, 0.117107904965291, 0.1478451326135204, 0.14950696463092505, 0.15598786162460776, 0.13442684402919802, 0.1283409780196969, 0.1615096978986852, 0.13323495392158335, 0.13747381284476745, 0.1364420417491079, 0.13787944049667722, 0.12042179735470704, 0.14214346131487687, 0.12109290359702207, 0.13040485940728175, 0.14073734947223926, 0.16945892591389544, 0.1273962532115931, 0.14593145784258077, 0.12552048867634902, 0.12577322701092264, 0.1461874800967955, 0.14277187072197606, 0.11493920200936536, 0.15429535825345475, 0.12485275197959744, 0.14567022967905174, 0.09445065906146688, 0.15957720012372079, 0.14083479618613381, 0.13396141015904384, 0.12963374098072755, 0.11946785655099568, 0.1559425923366753, 0.11592183080577811, 0.15366416912744718, 0.1564767044469928, 0.12616167729356143, 0.14004080167254962, 0.13425999768589492, 0.14914315660785427, 0.14618286732158126, 0.16177885656644975, 0.17773093978367704, 0.12067065202066374, 0.14253425069202308, 0.13800187675125386, 0.14603559477100525, 0.1502914789212575, 0.15188631471507819, 0.1076669395487766, 0.14449598586209333, 0.13192858231818327, 0.1396477220775001, 0.13296669744973677, 0.16243104352150795, 0.1481360505563405, 0.08467854915651074, 0.12749454479245692, 0.15692228559704624, 0.14157231250030478, 0.1296829042270886, 0.13211698287530993, 0.15443400867750867, 0.13168797089321238, 0.12354273080078038, 0.12191004614263612, 0.1428638123870538, 0.11792974223711461, 0.1429250687336392, 0.1187346336604076, 0.15735533191999096, 0.1379550459845209, 0.12307365397008674, 0.12768957529522318, 0.13981843261227667, 0.14585118776297357, 0.1310739477441878, 0.11894658024475113, 0.13410928062113214, 0.12414382186249995, 0.11837073192655723, 0.15742220503333826, 0.14814797571215088, 0.14172766806481363, 0.12772488220876888, 0.1369611435978193, 0.1371865613820571, 0.1174792164654459, 0.12644235136216686, 0.13170590088865275, 0.13934643531276336, 0.16048904861860436, 0.11711362389517532, 0.1186543286689421, 0.18094555828278303, 0.15960500503015673, 0.1318425341422813, 0.15142136005611917, 0.1457446896904493, 0.13615294142787882, 0.10610636992763034, 0.17191103598569235, 0.1488411106020724, 0.13656922601641064, 0.12643426210085096, 0.1190369189042908, 0.12488936643411108, 0.1678576420835931, 0.148622767430302, 0.14214088004232295, 0.1425790444436945, 0.13749650371519984, 0.14864809763722242, 0.15170961330541743, 0.10312577222963348, 0.13014915540221672, 0.12193351499626992, 0.16658165555670124, 0.10948087555045127, 0.14259776565209314, 0.13409786995586437, 0.15515538101341342, 0.10826223413953784, 0.1273516751784527, 0.14802384898864673, 0.14508719613292698, 0.14428603256111394, 0.09899970690576154, 0.14489641715951507, 0.11986534937242865, 0.09066815472031564, 0.14390044946077651, 0.13635895630374684, 0.13559866312572133, 0.18869133064508326, 0.15721531001114641, 0.15542476495453528, 0.1362550531010278, 0.17262001718435194, 0.11956587471688529, 0.13153650303974906, 0.14363836209804148, 0.15875283670332863, 0.18041854687695036, 0.1500025645516132, 0.17688583504451927, 0.11810096101504897, 0.14940586135923972, 0.1476837729443723, 0.14563384711277827, 0.1572699783063225, 0.15197299093693672, 0.1305419615822938, 0.1384809732852812, 0.1358852082664157, 0.15748795398484816, 0.13441942176812027, 0.16912805043051016, 0.13539229582383072, 0.1216817586036445, 0.13338311396834612, 0.14088821059435652, 0.103776016247906, 0.12632352095131338, 0.16217617519608396, 0.19268562722341365, 0.12544821818970675, 0.1386609450173335, 0.1521059080988696, 0.1551758830940777, 0.1387461251741886, 0.15413001018011308, 0.11718301066231973, 0.15642630348338216, 0.15597035057146869, 0.13953820247551008, 0.1415617327372658, 0.14496051937379306, 0.15841731757529587, 0.016391826369584805, 0.14104680818427262, 0.1293726149803227, 0.140001043680817, 0.11401986877955395, 0.1365239541560257, 0.07560739403024641, 0.15120346706357424, 0.13618278004193485, 0.1417517142503364, 0.1541256943394398, 0.14394652098646432, 0.11911905842203652, 0.17050386686498875, 0.14567482591707126, 0.1060229790953855, 0.13698123886346103, 0.12805195229959843, 0.14371376803705083, 0.15913358285757262, 0.11544685717847258, 0.15720118099834401, 0.1657616469312675, 0.1594223950640945, 0.13877832382986632, 0.15402841814241341, 0.1685907363515433, 0.12219237025591134, 0.13157436145889534, 0.16748716993800983], [0.11013993273263623, 0.15181513971853633, 0.13335669668639127, 0.1516890263181665, 0.03921990864351699, 0.17985379122626455, 0.10549535924116071, 0.1301560304859919, 0.12645423901825836, 0.12865046853220008, 0.13214770853632274, 0.13477645580810815, 0.13460627207116715, 0.11473582525349002, 0.14316816336472016, 0.12084675045414883, 0.13101124859224456, 0.1584477828860571, 0.15489017634787672, 0.18158972495318437, 0.1439835935582181, 0.12167301898990956, 0.18505664149728318, 0.12357174090190881, 0.13791020510625174, 0.1266803449472178, 0.12796855654711692, 0.16043109602378536, 0.17386080458904019, 0.16891144398056213, 0.185299201054562, 0.1669384260932958, 0.15165401131032752, 0.12724713373009422, 0.15032905161494625, 0.14839166618844501, 0.10845862255601446, 0.131502251854144, 0.14329076283317477, 0.1484299478818798, 0.16471814233108262, 0.11616226226750825, 0.10593800291405842, 0.11704235362896043, 0.13356479875383798, 0.16928216944977237, 0.1255199304144412, 0.13361466029463998, 0.16380144688142195, 0.11393256004043906, 0.1333818756218932, 0.17265379043206508, 0.16375312264182185, 0.15693249037222756, 0.17413458770292323, 0.17497724348284294, 0.13212469928032533, 0.18064325334566433, 0.13793003784181224, 0.11824781631264614, 0.134206933930912, 0.12754455479887383, 0.1303612529030289, 0.158621746075724, 0.15787105632233533, 0.14235099554620945, 0.13410686671539906, 0.14035818084700225, 0.12160800879523492, 0.15383096116848094, 0.14021248870771785, 0.17247903894508454, 0.2803424360668032, 0.150353401004935, 0.11705134180859034, 0.14271242748694135, 0.13554424162380485, 0.14626019344169094, 0.14122174683618027, 0.14468594514706012, 0.134596847164957, 0.19843483349561097, 0.17727554540834944, 0.1279061549565199, 0.13819329633967925, 0.18837176688471402, 0.16447377216306336, 0.17878473720929833, 0.15210715676056452, 0.15590516280958866, 0.14321942943851695, 0.13942563477644399, 0.20550438710225194, 0.15790248028430653, 0.11097185557193256, 0.12582129793800334, 0.17294526468074878, 0.13838674308463794, 0.12571085243058633, 0.13627871647371137, 0.1480928051471011, 0.13272985521177816, 0.1245255462009851, 0.145387077884493, 0.1581309446693666, 0.18669342678253997, 0.17763533314635538, 0.15555842088647864, 0.15886506229009, 0.17039477378821744, 0.16227507991291645, 0.13090582971932463, 0.16886046974644842, 0.17011045889111642, 0.1579029759028998, 0.12711105403627698, 0.12438872319329164, 0.15164172253182073, 0.13631292296301467, 0.120254325868828, 0.17629546082156367, 0.14148610161666397, 0.10981026751102263, 0.11662363107760143, 0.17646646723868287, 0.12969577277138455, 0.13573216089882578, 0.11606558228153574, 0.13120097574271483, 0.1693280064704652, 0.14060700867919707, 0.1467592470500847, 0.1534543881963657, 0.11952796428411716, 0.1464763573191874, 0.1396420949568835, 0.11314508404223034, 0.16268127179714043, 0.16673716313754028, 0.17069467294471963, 0.14383465291416542, 0.1463873318402733, 0.12618962561893454, 0.13094164072899162, 0.1415534614773577, 0.11214244982198807, 0.16954798152718809, 0.09953947925895079, 0.12877264208361794, 0.12786481721592224, 0.14774357764541435, 0.12698371917831253, 0.15217516785632768, 0.16219585970826245, 0.14499599906753247, 0.1750150276922824, 0.11414430125329034, 0.1781344306932624, 0.13016503386796785, 0.13229315066672598, 0.12251676475234774, 0.17971544866718148, 0.14444246332686816, 0.1456198019091488, 0.18028572874656845, 0.1339754444973238, 0.14864661580590166, 0.13330644429775873, 0.1391466568858135, 0.13775446542514658, 0.15547222931601823, 0.14015878040153495, 0.17800637247435702, 0.12605546992026007, 0.16565544321140635, 0.17677354512836985, 0.1515430119287231, 0.10886883268133829, 0.12976341945248748, 0.1422256226421723, 0.13929149072779978, 0.11802513598686915, 0.1328000793304085, 0.15846298785933755, 0.13544217473086917, 0.11062803371781627, 0.1486627302402752, 0.14951556949566225, 0.152045202931248, 0.16898842934163838, 0.15297337927040644, 0.14717784976978976, 0.1449037884968618, 0.171087636831885, 0.14835195382241295, 0.15816331676143136, 0.14953024758133893, 0.1286803853827223, 0.14023645020643016, 0.12596208165390976, 0.16975428785708857, 0.13220766943808826, 0.15595358342341115, 0.12037019992547471, 0.16452195308829687, 0.14921837435296936, 0.14681955891450116, 0.16323485801147797, 0.13583814318559462, 0.15049316836531546, 0.13337384396021434, 0.1493276786405744, 0.12383122536824942, 0.14670131336427517, 0.12677824496770995, 0.13708888890396054, 0.14686000406634037, 0.14492079941105374, 0.12095182787621184, 0.11248526145278959, 0.12401392917381315, 0.17046718259378224, 0.16272010967345807, 0.15947194672202158, 0.13120385439451354, 0.12095454288900953, 0.10018476453269898, 0.11897852216578997, 0.16096252502337904, 0.14532162309495789, 0.17476661964859375, 0.13336351422135806, 0.11848273145685084, 0.14406625807025364, 0.14373413999459217, 0.13737686921271575, 0.1318901217684072, 0.11898548702822609, 0.16492907854582484, 0.1501504050539495, 0.07055177059989148, 0.13638519206674005, 0.12177936686592261, 0.1393524137512543, 0.14557895692186662, 0.16731619553554822, 0.15882195046047798, 0.11208575515651376, 0.13443010798830812, 0.16244434158696208, 0.12165284935221621, 0.1394401843976567, 0.12756437130853726, 0.18419073489195625, 0.14955092137054748, 0.12917177910698285, 0.13840800133232278, 0.23772268803948293, 0.12564027444247472, 0.13919150449638096, 0.1305418271905836, 0.12952177765359352, 0.11983633615815847, 0.13134726630603666, 0.15300065621802617, 0.13263391277740766, 0.10831193853472598, 0.13506913261714715, 0.1090648713196174, 0.10943318203136698, 0.13296692590726877, 0.15049487611035772, 0.1678109989236276, 0.13708459481038915, 0.1515824941830175, 0.1398742600012639, 0.11387705580274599, 0.13381804796119923, 0.12704996826806791, 0.15663449233167626, 0.17104474327622654, 0.14095411509960343, 0.1530168445313791, 0.14401481439757902, 0.1202955161168262, 0.11388923123789141, 0.11232194675299922, 0.12668508351363528, 0.1324784967692807, 0.18050165124196837, 0.12588405821342974, 0.13101662668819358, 0.1536421487221702, 0.15465421677656366, 0.15673453997193576, 0.14274054939340886, 0.11989129566796919, 0.1763057306146294, 0.11318345992677337, 0.14426929480003992, 0.17608933590345544, 0.14130998812682094, 0.1320044192716665, 0.13970435208659637, 0.16475998763434063, 0.18800124234846294, 0.14316095390751116, 0.12123180906789344, 0.1402758391577379, 0.14744615701863495, 0.13301748123666357, 0.15341121511927724, 0.10772262210096528, 0.14192409616047996, 0.1991043922715079, 0.13389512093601752, 0.163697864867828, 0.13109175634170356, 0.13504925478628138, 0.17233422705395185, 0.12390626767906099, 0.13243599638963133, 0.1640574555681411, 0.17226664822750593, 0.14914990008381324, 0.17895693371343668, 0.14342036829933136, 0.12649348664930926, 0.14254848364477368, 0.14626510440008644, 0.15669582143755179, 0.1151067104857475, 0.12427823919614411, 0.17362712838048822, 0.10576387550341337, 0.14259510399362796, 0.10526573539164019, 0.15555363875266437, 0.11552817905598545, 0.15874651142064522, 0.1454936842403356, 0.12907994974709425, 0.2216283941373831, 0.1320229735256646, 0.12453133304148878, 0.15393987759019012, 0.10526291983249791, 0.12439530586637204, 0.13557595378935616, 0.1406508389630119, 0.1333424839586712, 0.12183624639021673, 0.1702574564378665, 0.1941170428190162, 0.09640569893849715, 0.12433946934733342, 0.17716704113948367, 0.13598172131379727, 0.16663647055924002, 0.12671407685722613, 0.11564896296322047, 0.1425381335517102, 0.1331500821897862, 0.14848228255864626, 0.1267664786768421, 0.18366632046368636, 0.1255492707779382, 0.15645008922143688, 0.13815914829902454, 0.12624982235425364, 0.10626282378235885, 0.14981774928475033, 0.1650249789782805, 0.14573669931127142, 0.13856921301238856, 0.10803556998676811, 0.18247842462349695, 0.1498752617233805, 0.176543592974852, 0.11043353388642174, 0.12738734832873888, 0.14612763800720074, 0.13711117546796459, 0.15342406848255052, 0.15706765423806246, 0.16721385996012827, 0.16559349806497892, 0.12422608370052046, 0.12387312522942295, 0.12084157240256843, 0.10762856748921479, 0.12693420128296395, 0.1617481753135479, 0.11586187182578556, 0.11371366617558465, 0.11251543950733378, 0.13037287731735603, 0.12263626607644085, 0.09155301275539784, 0.1574516207124077, 0.13347433330962133, 0.17006119130398645, 0.14116539398862926, 0.1363492168538869, 0.15730650461165396, 0.1498159158577579, 0.127936060907075, 0.18013758268556046, 0.14506059164432372, 0.15881965830634215, 0.15831493448575884, 0.13525484741990113, 0.14504168926126226, 0.1524887372353021, 0.1304815761660052, 0.16162858228662458, 0.11270426875303485, 0.12381101593601329, 0.13762231001670955, 0.15027633711687827, 0.1612561950065583, 0.13680640938072486, 0.13728358221484882, 0.15526664868966122, 0.11591113477199144, 0.15445998853252263, 0.13163065842198307, 0.15553062028088505, 0.11350674676411643, 0.14657153872494177, 0.12815757819227258, 0.11769296178948707, 0.17442470331990023, 0.1453372251539804, 0.17092009666025376, 0.12006007941214136, 0.17861507718119185, 0.12063061128048957, 0.14473928573045214, 0.1320721752358196, 0.11235955567327949, 0.13065638287447712, 0.13085613175158528, 0.13856723470017585, 0.13193878515065194, 0.11889095303025954, 0.10496271329782303, 0.1301411777151884, 0.11701381284697732, 0.1655959690224904, 0.10534997529882162, 0.13246957359412193, 0.1287790480053701, 0.20410987563055016, 0.1390880485160153, 0.13521445740167337, 0.14624280744648388, 0.1336362654858192, 0.10529103941868811, 0.1609942551332466, 0.16477186384543074, 0.1342482937630507, 0.0, 0.13954235413501692, 0.15415637230529455, 0.1475492167868282, 0.13695622778871552, 0.17862803739173216, 0.13289933978839485, 0.13699689394155712, 0.09220975697290612, 0.1720430985150614, 0.1221315888408867, 0.14124545962555146, 0.14115439199832736, 0.14160204833646617, 0.16832069162775554, 0.16085006070262864, 0.17816480754315478, 0.14167117170109123, 0.1381551281831861, 0.16177525296259887, 0.144069855857623, 0.11134503289889608, 0.12515052806040217, 0.11980636581255055, 0.11231666898636661, 0.12912238161219136, 0.16552326819586938, 0.12573832927550654, 0.13623045777104892, 0.10036438695297534, 0.13068092882011229, 0.15510756864166808, 0.15592535677845376, 0.15474987763751358, 0.1536028588394629, 0.13276683165585723, 0.12341078798918659, 0.18156220780383592, 0.14595090885113393, 0.16499069151949186, 0.15737974860313386, 0.1258885886745844, 0.18859144756358148, 0.11681779248293367, 0.14282438690901245, 0.14721541470262878, 0.14247367257134158, 0.11565822873329523, 0.11298097420095132, 0.11858459656704667, 0.14303009832849511, 0.16162341350310783, 0.1251921295745575, 0.15223467298122273, 0.17761964066622227, 0.13607756070524601, 0.12743410635798114, 0.13078113762229293, 0.1669890382067365, 0.13671064699117608, 0.10019741453102426, 0.09685460119081313, 0.1282077510156654, 0.11213510043572228, 0.12858543049337356, 0.12518948410207997, 0.13775113700121722, 0.10823771352049505, 0.12054098537680602, 0.15764644716655596, 0.13923362215818713, 0.1840759931155702, 0.13767226918953668, 0.15381984782932534, 0.14611084923109274, 0.12689898339490924, 0.16729763174348022, 0.12877196796232226, 0.11829862559105209, 0.11688702293676556, 0.14370012195452375, 0.18276026959009073, 0.128119691868946, 0.15144508177962734, 0.13674456793781076, 0.12138028355313679, 0.13016065475906657, 0.1167615716452417, 0.16053854688135516, 0.11536389561742055, 0.16557067380664137, 0.11552254163579789, 0.1132820280631961, 0.13858115594693743, 0.1432411909567861, 0.13960986508052997, 0.14190393524259548, 0.13811693216899812, 0.14916457449203335, 0.15465780368123205, 0.12299668421962906, 0.14803075667498433, 0.13271588602763984, 0.12850141927094683, 0.1237949536974412, 0.12376595559598513, 0.1262840006945396, 0.153507421657622, 0.13927663759204734, 0.1440003127223406, 0.15264571081108613, 0.14601063505514844, 0.1681284839242494, 0.15310203096500175, 0.14055532436650253, 0.1697063328630577, 0.14572260682335525, 0.12701162003857291, 0.12719689648832855, 0.14122015411733457, 0.1249477762929132, 0.1031473390928852, 0.13181009008398803, 0.13116975688325283, 0.11244869339991226, 0.16961533293839182, 0.16449773510748855, 0.1275069954778303, 0.12846396566958163, 0.1391503007797752, 0.1439961795301059, 0.14470801578170267, 0.13181471759344277, 0.12482569196035342, 0.15628719742855424, 0.13210960102431102, 0.1616512323817858, 0.1283262007610233, 0.15390079587467653, 0.11716707233520651, 0.15187093708541965, 0.11343697980539957, 0.15528975015580215, 0.11953613344283553, 0.17772248483257158, 0.16021022802092943, 0.14404313492430276, 0.14378391035401705, 0.11244183153010567, 0.14477989153937187, 0.13989409914968576, 0.11074383582062808, 0.1698568416211259, 0.14253631719851967, 0.13236338918059687, 0.08496637169614019, 0.15111464476198933, 0.1251247801516513, 0.12944459346151405, 0.11713915045484669, 0.14745897747221193, 0.1432956837388275, 0.12665157971326835, 0.1420754320693618, 0.15096223960719612, 0.11390612434072978, 0.1292397301800179, 0.12706167473177743, 0.1334605207452313, 0.13987140325062342, 0.17298628851281705, 0.16145675128022674, 0.12795293200923652, 0.13243720981533613, 0.12674593239080423, 0.16793412777913375, 0.13643575281255949, 0.14601760543213516, 0.10716484778777158, 0.13770802003453753, 0.1250593413191723, 0.15686960369892233, 0.14235410345671085, 0.19519633996402774, 0.1632187304894046, 0.10452096898440288, 0.12065762555400283, 0.1431602094926916, 0.1408926060405804, 0.10780703592972429, 0.13151188919272272, 0.1384988082150329, 0.12357751862842292, 0.11212021539496675, 0.14341995515803774, 0.13576063333388788, 0.12900204599780807, 0.14420339477955224, 0.106762637288071, 0.15833725484870342, 0.1340304109574646, 0.11432056608890662, 0.14543084892133606, 0.15447050327513523, 0.1591313536867176, 0.15794681484540263, 0.11534442762730635, 0.13401849033505187, 0.10600940428604133, 0.11922341275460724, 0.15337998534984365, 0.14525873797630595, 0.1477176417887165, 0.12788366404417673, 0.12425923940537587, 0.16101686559515827, 0.11231898617995739, 0.12349681064812046, 0.1317137154432686, 0.16490858960941068, 0.1498487966935187, 0.1291788346564715, 0.13388276579559033, 0.1635854685844862, 0.16775354118385621, 0.12863089664172378, 0.14427781848952748, 0.13391237114765886, 0.12003348863666474, 0.11346043162518527, 0.15952081110339122, 0.13777162691718559, 0.12281233552454296, 0.15960415692433116, 0.13076566224592057, 0.13563770819364152, 0.15206147194382424, 0.15037226437092954, 0.128314286657087, 0.1377116364871398, 0.13084977203629933, 0.14733371440568988, 0.1508733505456945, 0.08836736564792602, 0.10794364456239691, 0.1141607095134276, 0.15220996510910823, 0.10200912992996791, 0.14177041663459988, 0.1322327396740377, 0.15006732596958727, 0.15183989750549642, 0.12166923409792219, 0.1411578657824606, 0.16188580260256913, 0.13706182784778775, 0.13983326136397523, 0.1375540269091573, 0.1184488530034713, 0.12059412322390983, 0.14322677011132612, 0.14201528658814766, 0.15301011514637253, 0.1886254160076959, 0.16529434690598066, 0.1555010140559716, 0.12331020949848437, 0.16274608054519035, 0.10910901555648422, 0.15028333246119985, 0.13638004698813688, 0.15567829063485306, 0.18630184791604165, 0.14525511102938538, 0.16307232918047987, 0.15043615548992761, 0.1401053537735777, 0.17569351265356659, 0.13500822324357387, 0.15142740766968643, 0.15083881796071807, 0.13649119920914643, 0.1328551994416216, 0.18142687211287978, 0.17156599428443542, 0.13672791437491583, 0.16793526417556848, 0.11698016981300441, 0.13414183129226842, 0.13792018228373593, 0.1300189886850518, 0.09917562833626903, 0.12523524020167542, 0.17920534057483906, 0.21526397992970203, 0.12606170992442856, 0.17046548371479275, 0.16673974902187183, 0.17343536763242184, 0.1376097958167577, 0.14495251449483249, 0.11709313464916704, 0.17245627935365349, 0.1690850998695197, 0.1737848560797346, 0.1652514899825377, 0.12818580942719393, 0.17015424822791658, 0.01116782315880016, 0.13745267904155867, 0.1356283330505903, 0.13821276543433214, 0.10611906051249775, 0.13006897436990528, 0.10189788092426966, 0.13675075433819472, 0.1356405671570542, 0.147354399340486, 0.1760418323889752, 0.13139257264569437, 0.1091638158138295, 0.19257941223023067, 0.13476467814373905, 0.11923970211937274, 0.13246217861538412, 0.1245789040186196, 0.12964521592817846, 0.15163098803650144, 0.10649693801711635, 0.15080997534124663, 0.1744644819425929, 0.15838205510755188, 0.12777244920806652, 0.15132608185675167, 0.15647526954053603, 0.09915235468174899, 0.13467623671840556, 0.16838117907595063], {14: Parameter containing:
tensor([0.9668], requires_grad=True)}, {14: Parameter containing:
tensor([13.6308], requires_grad=True)}, 0.0003619869013917984, 0.011632803602130669]