[[242, 370, 211, 951, 842, 432, 179, 599, 209, 943, 62, 361, 548, 157, 512, 563, 484, 927, 143, 135, 50, 640, 170, 149, 560, 72, 968, 334, 176, 2, 685, 691, 63, 654, 819, 152, 223, 992, 444, 401, 755, 333, 213, 769, 391, 287, 551, 648, 312, 433, 327, 702, 592, 156, 546, 96, 267, 285, 421, 410, 579, 900, 539, 117, 719, 385, 281, 934, 305, 918, 408, 54, 883, 998, 239, 503, 778, 390, 316, 3, 76, 492, 991, 306, 440, 700, 736, 860, 411, 644, 490, 839, 289, 606, 379, 671, 615, 910, 212, 174, 867, 582, 469, 770, 486, 676, 29, 878, 677, 107, 911, 376, 877, 960, 144, 603, 340, 925, 297, 817, 598, 339, 886, 301, 678, 804, 522, 286, 810, 547, 617, 792, 348, 523, 343, 329, 470, 274, 87, 540, 604, 880, 562, 856, 252, 811, 381, 141, 30, 718, 822, 46, 214, 836, 321, 529, 940, 445, 861, 955, 815, 268, 498, 594, 821, 357, 517, 85, 19, 818, 959, 578, 236, 167, 987, 786, 686, 746, 70, 150, 545, 250, 169, 820, 518, 403, 335, 133, 576, 580, 857, 831, 897, 767, 641, 378, 419, 649, 829, 322, 234, 203, 703, 534, 389, 505, 729, 31, 459, 83, 953, 979, 349, 765, 638, 248, 950, 366, 607, 425, 794, 77, 632, 218, 202, 561, 906, 514, 136, 261, 51, 693, 371, 699, 296, 805, 418, 377, 240, 293, 9, 646, 939, 124, 37, 224, 705, 809, 754, 189, 330, 300, 372, 280, 181, 468, 701, 4, 660, 245, 947, 455, 554, 611, 363, 420, 586, 942, 714, 527, 456, 382, 889, 412, 131, 109, 481, 500, 100, 572, 263, 541, 774, 344, 402, 590, 711, 416, 193, 311, 982, 346, 477, 917, 888, 726, 164, 924, 227, 875, 269, 920, 948, 801, 238, 44, 650, 102, 91, 869, 460, 921, 89, 194, 140, 356, 972, 103, 930, 16, 828, 899, 162, 309, 52, 24, 694, 414, 668, 134, 695, 166, 941, 158, 304, 764, 583, 566, 588, 986, 625, 793, 5, 777, 681, 732, 146, 581, 789, 163, 439, 779, 128, 80, 431, 716, 923, 865, 232, 511, 228, 753, 257, 173, 975, 138, 415, 957, 201, 613, 352, 295, 253, 956, 862, 147, 569, 84, 890, 424, 981, 997, 463, 538, 896, 601, 895, 642, 913, 643, 13, 863, 208, 400, 989, 368, 651, 33, 556, 126, 331, 196, 464, 249, 195, 122, 680, 155, 520, 916, 266, 723, 442, 338, 881, 704, 747, 14, 438, 995, 74, 796, 626, 733, 715, 271, 707, 393, 825, 251, 659, 489, 893, 69, 137, 531, 892, 782, 859, 461, 34, 636, 967, 502, 448, 35, 398, 858, 323, 288, 653, 937, 612, 112, 874, 760, 436, 462, 525, 772, 317, 749, 1, 596, 178, 98, 665, 115, 739, 776, 10, 186, 226, 395, 928, 758, 217, 255, 216, 724, 299, 337, 725, 515, 564, 708, 397, 787, 241, 864, 565, 11, 621, 291, 64, 388, 575, 761, 748, 215, 108, 22, 365, 795, 58, 479, 952, 766, 38, 552, 88, 683, 735, 392, 885, 978, 66, 435, 645, 965, 177, 914, 584, 851, 319, 550, 784, 422, 247, 524, 912, 970, 119, 568, 980, 151, 125, 229, 235, 903, 781, 591, 450, 160, 609, 973, 666, 258, 756, 423, 670, 709, 971, 53, 430, 949, 180, 791, 656, 919, 362, 190, 384, 318, 628, 938, 884, 608, 347, 698, 662, 647, 380, 751, 25, 21, 428, 270, 969, 549, 454, 727, 482, 852, 373, 275, 618, 206, 105, 908, 260, 876, 832, 690, 536, 446, 633, 627, 265, 936, 283, 872, 573, 932, 26, 533, 23, 82, 537, 132, 351, 504, 629, 165, 187, 204, 467, 557, 833, 931, 743, 434, 116, 443, 721, 689, 630, 587, 417, 963, 807, 759, 142, 697, 453, 882, 367, 129, 457, 507, 353, 658, 510, 231, 230, 139, 290, 55, 487, 944, 768, 399, 740, 847, 535, 320, 996, 635, 988, 843, 369, 985, 737, 589, 171, 359, 473, 219, 620, 762, 713, 328, 624, 244, 984, 803, 302, 130, 745, 426, 741, 237, 394, 954, 210, 696, 409, 495, 775, 491, 530, 816, 773, 945, 848, 97, 976, 974, 669, 341, 637, 763, 870, 622, 574, 558, 712, 652, 846, 585, 750, 742, 730, 110, 744, 441, 199, 757, 61, 667, 780, 40, 675, 406, 360, 222, 183, 121, 553, 799, 849, 292, 501, 623, 59, 634, 840, 27, 663, 154, 855, 834, 844, 99, 946, 95, 198, 605, 922, 853, 192, 542, 374, 905, 814, 278, 113, 614, 233, 254, 336, 246, 887, 404, 185, 474, 314, 60, 324, 184, 7, 345, 298, 272, 526, 413, 12, 909, 383, 544, 315, 429, 619, 45, 326, 259, 494, 375, 964, 915, 824, 506, 567, 958, 655, 734, 771, 559, 307, 57], [990, 797, 452, 120, 8, 93, 933, 966, 962, 827, 597, 36, 688, 710, 86, 101, 785, 364, 243, 18, 32, 808, 17, 355, 664, 639, 496, 631, 475, 153, 94, 188, 731, 118, 866, 15, 516, 499, 902, 256, 67, 684, 555, 935, 478, 71, 616, 692, 92, 528, 593, 48, 277, 845, 570, 65, 661, 310, 493, 871, 983, 273, 961, 672, 205, 465, 898, 543, 682, 20, 521, 73, 6, 342, 148, 728, 485, 674, 387, 172, 56, 79, 602, 509, 168, 78, 571, 221, 926, 28, 977, 790, 114, 994, 145, 687, 313, 466, 41, 427, 284, 679, 826, 42, 182, 279, 159, 308, 868, 894, 798, 854, 476, 43, 577, 396, 783, 358, 508, 350, 1000, 837, 480, 488, 47, 802, 483, 879, 610, 175, 451, 752, 800, 532, 835, 449, 303, 282, 127, 999, 191, 901, 447, 788, 123, 907, 106, 850, 497, 386, 838, 873, 673, 262, 657, 197, 354, 111, 720, 717, 830, 161, 595, 276, 891, 738, 332, 813, 806, 458, 993, 929, 81, 405, 220, 49, 294, 823, 39, 225, 519, 90, 812, 841, 325, 904, 472, 68, 600, 264, 75, 706, 437, 207, 104, 407, 200, 722, 471, 513], [0.000290547534653331, 0.00022703821212888677, 0.00022609881979017646, 0.00024993674190390796, 0.00024302966447763827, 0.00022580364149519738, 0.00021848780209217895, 0.00022288363783335864, 0.00023029608542352728, 0.0002331543060054732, 0.00023000765645826452, 0.0002238904334223911, 0.00021920086053097147, 0.00021887452383733303, 0.00022222749759934137, 0.00022537656632114846, 0.00022515017303321557, 0.00022210643996278034, 0.00021915278613297265, 0.00021842662947866732, 0.000219789013331557, 0.0002215461998371225, 0.00022211670412419963, 0.00022113803937881633, 0.00021946619676152548, 0.000218378850310594, 0.00021856443658628544, 0.0002195725946886044, 0.0002202677184018041, 0.0002199594827313861, 0.0002190075657554708, 0.00021830134267573025, 0.00021833922420263325, 0.0002188691063226871, 0.00021926829706179888, 0.00021915002472916478, 0.00021864682326234856, 0.0002182155731756056, 0.00021819127181344194, 0.00021848598473647789], {'Geodset': Geometry(Si64, Si64, ..., Si64, Si64, pbc=[True, True, True]), 'GeoSi64': Geometry(Si64, pbc=[True, True, True]), 'formation_energy': tensor([0.1631, 0.1248, 0.1128, 0.1648, 0.1517, 0.0857, 0.1241, 0.1308, 0.1355,
        0.1534, 0.0811, 0.1313, 0.1401, 0.1368, 0.1502, 0.1312, 0.1552, 0.1323,
        0.1399, 0.1346, 0.1723, 0.1421, 0.1415, 0.1298, 0.1411, 0.1715, 0.1248,
        0.1558, 0.1583, 0.1406, 0.1228, 0.1475, 0.1000, 0.1193, 0.1439, 0.1382,
        0.1894, 0.1486, 0.1458, 0.1487, 0.1241, 0.1423, 0.1420, 0.1436, 0.1541,
        0.1493, 0.1015, 0.1516, 0.1339, 0.1000, 0.1328, 0.1395, 0.1241, 0.1457,
        0.1606, 0.1284, 0.1380, 0.1352, 0.1456, 0.1484, 0.1475, 0.1379, 0.1604,
        0.1034, 0.1338, 0.1196, 0.1550, 0.1059, 0.1091, 0.1437, 0.1626, 0.0804,
        0.1354, 0.1460, 0.1488, 0.1419, 0.1354, 0.1543, 0.1649, 0.1996, 0.1128,
        0.1511, 0.1215, 0.1163, 0.1369, 0.1305, 0.1389, 0.1687, 0.1373, 0.1224,
        0.1341, 0.1651, 0.1578, 0.1255, 0.1347, 0.1751, 0.1338, 0.1441, 0.1223,
        0.1310, 0.1724, 0.1281, 0.1359, 0.1550, 0.1369, 0.1449, 0.1577, 0.1135,
        0.1433, 0.1501, 0.1261, 0.1157, 0.1282, 0.1298, 0.1195, 0.1758, 0.1421,
        0.1534, 0.1288, 0.1160, 0.1260, 0.1359, 0.1383, 0.1454, 0.1376, 0.1417,
        0.1314, 0.1399, 0.1110, 0.1569, 0.1384, 0.1550, 0.1331, 0.1173, 0.1535,
        0.1095, 0.1362, 0.1198, 0.1412, 0.1525, 0.1562, 0.1257, 0.1448, 0.1265,
        0.1321, 0.1266, 0.1619, 0.1755, 0.1774, 0.1404, 0.1249, 0.1492, 0.1598,
        0.1337, 0.1185, 0.1309, 0.1081, 0.1342, 0.1679, 0.1231, 0.1104, 0.1551,
        0.1434, 0.1522, 0.1376, 0.1322, 0.1118, 0.1595, 0.1083, 0.1321, 0.1465,
        0.1573, 0.1348, 0.1374, 0.1425, 0.1339, 0.1232, 0.1127, 0.1321, 0.1348,
        0.1532, 0.1181, 0.1501, 0.1455, 0.1260, 0.1265, 0.1610, 0.1281, 0.1674,
        0.1413, 0.1131, 0.1326, 0.1417, 0.1480, 0.1407, 0.1172, 0.1411, 0.1555,
        0.1220, 0.1230, 0.1347, 0.1135, 0.1535, 0.1361, 0.1536, 0.1534, 0.1500,
        0.1731, 0.1510, 0.1269, 0.1287, 0.1600, 0.1378, 0.1574, 0.1415, 0.1308,
        0.1639, 0.1560, 0.1311, 0.1119, 0.1283, 0.1304, 0.1696, 0.1295, 0.1125,
        0.1498, 0.1038, 0.1384, 0.1329, 0.1376, 0.1838, 0.1340, 0.1368, 0.1441,
        0.1353, 0.1558, 0.1393, 0.1105, 0.1547, 0.1349, 0.0914, 0.1349, 0.1152,
        0.1131, 0.1484, 0.1703, 0.1571, 0.1105, 0.1275, 0.1560, 0.1091, 0.1451,
        0.1466, 0.1654, 0.1373, 0.1381, 0.1291, 0.1502, 0.1306, 0.1413, 0.1335,
        0.1313, 0.1362, 0.1400, 0.1445, 0.1445, 0.1179, 0.1364, 0.1234, 0.1191,
        0.1419, 0.1540, 0.1761, 0.1334, 0.1290, 0.1019, 0.1299, 0.1450, 0.1265,
        0.1364, 0.1621, 0.1410, 0.1617, 0.1490, 0.1409, 0.1173, 0.1357, 0.1424,
        0.1181, 0.1449, 0.1150, 0.1335, 0.1583, 0.1626, 0.1677, 0.1412, 0.1247,
        0.1721, 0.1117, 0.1590, 0.1687, 0.1322, 0.1377, 0.1372, 0.1441, 0.1722,
        0.1527, 0.1115, 0.1169, 0.1609, 0.1476, 0.1491, 0.0967, 0.1290, 0.1752,
        0.1229, 0.1691, 0.1181, 0.1535, 0.1338, 0.1372, 0.1224, 0.1695, 0.1566,
        0.1605, 0.1777, 0.1486, 0.1416, 0.1547, 0.1330, 0.1692, 0.1220, 0.1166,
        0.1347, 0.1127, 0.1519, 0.1163, 0.1457, 0.1279, 0.1585, 0.1490, 0.1423,
        0.1543, 0.1412, 0.1318, 0.1587, 0.1068, 0.1367, 0.1414, 0.1476, 0.1340,
        0.1272, 0.1511, 0.1660, 0.0941, 0.1344, 0.1788, 0.1318, 0.1413, 0.1413,
        0.1144, 0.1360, 0.1240, 0.1172, 0.1110, 0.1457, 0.1438, 0.1576, 0.1197,
        0.1229, 0.1136, 0.1414, 0.1445, 0.1414, 0.1484, 0.1128, 0.1650, 0.1429,
        0.1785, 0.1125, 0.1230, 0.1256, 0.1605, 0.1579, 0.1607, 0.1664, 0.1697,
        0.1345, 0.1152, 0.1265, 0.0639, 0.1267, 0.1532, 0.1434, 0.0999, 0.1232,
        0.1400, 0.1082, 0.1014, 0.1368, 0.1158, 0.1612, 0.1672, 0.1228, 0.1473,
        0.1390, 0.1298, 0.1504, 0.1518, 0.1705, 0.1303, 0.1282, 0.1569, 0.1351,
        0.1392, 0.1613, 0.1178, 0.0745, 0.1444, 0.1370, 0.1390, 0.1351, 0.1395,
        0.1590, 0.1279, 0.1568, 0.1263, 0.1580, 0.1304, 0.1215, 0.1321, 0.1248,
        0.1673, 0.1159, 0.1347, 0.1400, 0.1699, 0.1195, 0.1484, 0.1477, 0.0904,
        0.1416, 0.1260, 0.1418, 0.1378, 0.1020, 0.1206, 0.1225, 0.1338, 0.1578,
        0.1119, 0.1407, 0.1290, 0.1743, 0.1540, 0.1363, 0.1694, 0.1526, 0.1103,
        0.1754, 0.1651, 0.1380, 0.0000, 0.1490, 0.1357, 0.1289, 0.1408, 0.1536,
        0.1357, 0.1451, 0.1070, 0.1543, 0.1205, 0.1559, 0.1419, 0.1510, 0.1407,
        0.1511, 0.1563, 0.1383, 0.1373, 0.1433, 0.1426, 0.1218, 0.1214, 0.1196,
        0.1256, 0.1296, 0.1610, 0.1196, 0.1266, 0.0971, 0.1315, 0.1365, 0.1412,
        0.1498, 0.1615, 0.1311, 0.1286, 0.1652, 0.1215, 0.1362, 0.1651, 0.1239,
        0.1913, 0.1291, 0.1497, 0.1557, 0.1413, 0.1194, 0.1144, 0.1320, 0.1452,
        0.1550, 0.1276, 0.1605, 0.1774, 0.1577, 0.1259, 0.1443, 0.1516, 0.1352,
        0.1083, 0.1058, 0.1375, 0.0998, 0.1336, 0.1394, 0.1365, 0.1103, 0.1123,
        0.1552, 0.1373, 0.1730, 0.1426, 0.1369, 0.1214, 0.1232, 0.1329, 0.1457,
        0.1170, 0.1166, 0.1492, 0.1655, 0.1497, 0.1502, 0.1409, 0.1095, 0.1314,
        0.1255, 0.1767, 0.1248, 0.1701, 0.1145, 0.1187, 0.1507, 0.1256, 0.1590,
        0.1547, 0.1298, 0.1333, 0.1492, 0.1216, 0.1541, 0.1339, 0.1305, 0.1272,
        0.1424, 0.1303, 0.1629, 0.1493, 0.1444, 0.1537, 0.1438, 0.1582, 0.1019,
        0.1547, 0.1691, 0.1361, 0.1166, 0.1225, 0.1398, 0.1424, 0.1165, 0.1482,
        0.1216, 0.1289, 0.1578, 0.1596, 0.1409, 0.1171, 0.1478, 0.1495, 0.1560,
        0.1344, 0.1283, 0.1615, 0.1332, 0.1375, 0.1364, 0.1379, 0.1204, 0.1421,
        0.1211, 0.1304, 0.1407, 0.1695, 0.1274, 0.1459, 0.1255, 0.1258, 0.1462,
        0.1428, 0.1149, 0.1543, 0.1249, 0.1457, 0.0945, 0.1596, 0.1408, 0.1340,
        0.1296, 0.1195, 0.1559, 0.1159, 0.1537, 0.1565, 0.1262, 0.1400, 0.1343,
        0.1491, 0.1462, 0.1618, 0.1777, 0.1207, 0.1425, 0.1380, 0.1460, 0.1503,
        0.1519, 0.1077, 0.1445, 0.1319, 0.1396, 0.1330, 0.1624, 0.1481, 0.0847,
        0.1275, 0.1569, 0.1416, 0.1297, 0.1321, 0.1544, 0.1317, 0.1235, 0.1219,
        0.1429, 0.1179, 0.1429, 0.1187, 0.1574, 0.1380, 0.1231, 0.1277, 0.1398,
        0.1459, 0.1311, 0.1189, 0.1341, 0.1241, 0.1184, 0.1574, 0.1481, 0.1417,
        0.1277, 0.1370, 0.1372, 0.1175, 0.1264, 0.1317, 0.1393, 0.1605, 0.1171,
        0.1187, 0.1809, 0.1596, 0.1318, 0.1514, 0.1457, 0.1362, 0.1061, 0.1719,
        0.1488, 0.1366, 0.1264, 0.1190, 0.1249, 0.1679, 0.1486, 0.1421, 0.1426,
        0.1375, 0.1486, 0.1517, 0.1031, 0.1301, 0.1219, 0.1666, 0.1095, 0.1426,
        0.1341, 0.1552, 0.1083, 0.1274, 0.1480, 0.1451, 0.1443, 0.0990, 0.1449,
        0.1199, 0.0907, 0.1439, 0.1364, 0.1356, 0.1887, 0.1572, 0.1554, 0.1363,
        0.1726, 0.1196, 0.1315, 0.1436, 0.1588, 0.1804, 0.1500, 0.1769, 0.1181,
        0.1494, 0.1477, 0.1456, 0.1573, 0.1520, 0.1305, 0.1385, 0.1359, 0.1575,
        0.1344, 0.1691, 0.1354, 0.1217, 0.1334, 0.1409, 0.1038, 0.1263, 0.1622,
        0.1927, 0.1254, 0.1387, 0.1521, 0.1552, 0.1387, 0.1541, 0.1172, 0.1564,
        0.1560, 0.1395, 0.1416, 0.1450, 0.1584, 0.0164, 0.1410, 0.1294, 0.1400,
        0.1140, 0.1365, 0.0756, 0.1512, 0.1362, 0.1418, 0.1541, 0.1439, 0.1191,
        0.1705, 0.1457, 0.1060, 0.1370, 0.1281, 0.1437, 0.1591, 0.1154, 0.1572,
        0.1658, 0.1594, 0.1388, 0.1540, 0.1686, 0.1222, 0.1316, 0.1675]), 'elec_energy_defects': tensor([-88.1512, -88.1980, -88.1576, -88.1713, -88.1633, -88.1965, -88.1462,
        -88.1621, -88.1515, -88.1711, -88.1397, -88.1443, -88.1588, -88.1117,
        -88.1894, -88.1833, -88.1762, -88.1545, -88.1518, -88.1427, -88.1305,
        -88.1856, -88.1554, -88.1717, -88.2072, -88.1362, -88.1584, -88.1263,
        -88.1328, -86.5279, -88.1854, -88.1709, -88.1428, -88.1890, -88.1807,
        -88.1331, -88.1381, -88.1731, -88.1750, -88.2014, -88.1708, -88.1330,
        -88.1423, -88.1652, -88.1366, -88.1504, -88.1818, -88.1598, -88.1082,
        -88.1946, -88.1795, -88.1554, -88.1770, -88.1127, -88.1482, -88.1122,
        -88.1290, -88.1563, -88.1831, -88.1435, -88.1671, -88.1636, -88.1629,
        -88.1579, -88.1697, -88.1787, -88.1262, -88.1870, -88.1913, -88.1602,
        -88.1424, -88.1846, -88.1771, -88.1437, -88.1369, -88.1647, -88.1804,
        -88.1342, -88.1349, -89.6468, -88.1231, -88.1746, -88.1794, -88.1818,
        -88.1696, -88.1604, -88.1683, -88.1674, -88.1525, -88.1788, -88.1833,
        -88.1597, -88.1402, -88.1769, -88.1633, -88.1598, -88.1788, -88.1755,
        -88.1521, -88.1321, -88.1607, -88.1937, -88.1763, -88.1644, -88.1790,
        -88.1645, -88.1377, -88.1778, -88.1652, -88.1425, -88.1744, -88.1758,
        -88.1749, -88.1565, -88.1693, -88.1465, -88.1528, -88.1394, -88.1596,
        -88.1794, -88.1684, -88.1485, -88.1749, -88.1800, -88.1666, -88.1781,
        -88.1765, -88.1551, -88.1821, -88.1517, -88.1959, -88.1816, -88.1830,
        -88.1835, -88.1619, -88.1774, -88.1715, -88.1715, -88.1820, -88.1650,
        -88.1542, -88.1797, -88.1928, -88.1733, -88.1354, -88.1797, -88.1584,
        -88.1181, -88.1454, -88.1730, -88.1878, -88.1048, -88.1319, -88.1591,
        -88.1993, -88.1908, -88.1713, -88.1771, -88.1708, -88.1610, -88.1769,
        -88.1303, -88.1854, -88.1719, -88.1845, -88.1533, -88.1802, -88.1646,
        -88.1031, -88.1800, -88.1524, -88.1622, -88.1238, -88.1825, -88.1540,
        -88.1746, -88.1813, -88.1896, -88.1364, -88.1580, -88.1489, -88.1489,
        -88.1649, -88.1821, -88.1735, -88.1897, -88.1253, -88.1537, -88.1629,
        -88.1757, -88.1679, -88.1713, -88.1606, -88.1664, -88.1854, -88.1688,
        -88.1758, -88.1628, -88.1820, -88.1983, -88.1171, -88.1563, -88.1529,
        -88.1901, -88.1389, -88.1618, -88.1656, -88.1545, -88.1794, -88.1400,
        -88.1667, -88.1683, -88.1890, -88.1684, -88.1857, -88.1625, -88.1736,
        -88.1714, -88.1859, -88.1823, -88.1792, -88.1137, -88.1555, -88.1303,
        -88.1577, -88.2008, -88.1967, -88.1939, -88.1300, -88.1564, -88.1500,
        -88.1709, -88.1943, -88.1613, -88.1556, -88.1809, -88.1763, -88.1733,
        -88.1405, -88.1453, -88.2298, -88.1664, -88.1728, -88.1450, -88.1643,
        -88.1482, -88.1539, -88.1835, -88.1657, -88.1459, -88.1696, -88.1738,
        -88.1883, -88.1200, -88.1487, -88.1785, -88.1583, -89.4713, -88.1799,
        -88.1667, -88.1772, -88.1737, -88.1938, -88.1773, -88.1497, -88.1786,
        -88.1945, -88.1702, -88.1966, -88.1933, -88.1762, -88.1622, -88.1508,
        -88.1647, -88.1417, -88.1362, -88.1959, -88.1804, -88.1748, -88.1381,
        -88.1400, -88.1655, -88.1664, -88.1652, -88.1966, -88.1854, -88.2010,
        -88.1844, -88.1607, -88.1104, -88.1680, -88.1727, -88.1596, -88.1602,
        -88.1614, -88.1598, -88.1815, -88.1378, -88.1834, -88.1729, -88.1354,
        -88.1568, -88.1770, -88.1635, -88.1334, -88.1181, -88.1704, -88.1705,
        -88.1487, -88.1712, -88.1811, -88.1520, -88.1803, -88.1553, -88.1076,
        -88.1608, -88.1556, -88.1599, -88.1817, -88.1128, -88.1876, -88.1619,
        -88.1551, -88.1316, -88.1691, -88.1383, -88.1692, -88.1844, -88.1720,
        -88.1514, -88.1666, -88.1876, -88.1704, -88.1130, -88.1943, -88.1696,
        -88.1980, -88.1478, -88.1906, -88.1484, -88.1638, -88.1820, -89.4958,
        -88.1785, -88.1813, -88.1592, -88.1898, -88.1856, -88.1729, -88.1699,
        -88.1699, -88.1807, -88.1286, -88.1063, -88.1946, -88.1838, -88.1405,
        -88.1654, -88.1282, -88.1847, -88.1825, -88.1603, -88.1642, -88.1351,
        -88.1637, -88.1073, -88.1867, -88.1541, -88.1532, -88.1693, -88.1947,
        -88.1519, -88.1332, -88.1575, -88.1734, -88.1896, -88.1214, -88.1529,
        -88.1408, -88.1861, -88.1716, -88.1445, -88.1869, -88.1619, -88.1572,
        -88.1475, -88.1510, -88.1849, -88.1709, -88.1829, -88.1553, -88.1735,
        -88.1437, -88.2041, -88.1736, -88.1914, -88.1806, -88.1680, -88.2054,
        -88.1371, -88.1577, -88.1382, -88.1865, -88.1564, -88.1469, -88.1498,
        -88.1752, -88.1151, -88.1678, -88.1611, -88.1300, -88.1606, -88.1711,
        -88.1427, -88.1787, -88.1520, -88.1873, -88.1395, -88.1711, -88.1489,
        -88.1355, -88.1677, -88.1700, -88.1580, -88.1905, -88.1569, -88.1679,
        -88.1553, -88.1956, -88.1413, -88.1752, -88.1861, -88.1366, -88.1379,
        -88.1170, -88.1945, -88.1330, -88.1774, -88.1651, -88.1833, -88.1694,
        -88.1801, -88.1671, -88.1694, -88.1750, -88.1679, -88.2006, -88.1651,
        -88.1922, -88.1446, -88.1928, -88.1773, -88.1715, -88.0982, -88.1757,
        -88.1673, -88.1779, -88.1856, -88.1936, -88.1631, -88.1484, -88.1717,
        -88.2636, -88.1724, -88.1415, -88.1471, -88.1697, -88.1198, -88.1746,
        -88.1750, -88.2103, -88.1327, -88.1755, -88.1768, -88.1646, -88.1709,
        -88.1253, -88.1436, -88.1225, -88.1589, -88.1685, -88.1357, -88.1585,
        -88.1919, -88.1725, -88.1782, -88.1943, -88.1733, -88.1452, -88.1704,
        -88.1604, -88.1907, -88.1718, -88.1395, -88.1434, -88.1497, -88.1629,
        -88.1676, -88.1807, -88.1246, -88.1420, -88.1280, -88.1619, -88.1739,
        -88.1333, -88.1912, -88.1690, -88.1672, -88.1631, -88.1860, -88.1848,
        -88.1889, -88.1633, -88.1446, -88.1767, -88.1651, -88.1414, -88.1835,
        -88.1729, -88.1820, -88.1365, -88.1673, -88.1986, -88.2025, -88.1803,
        -88.1757, -88.1763, -88.1868, -88.1664, -88.1898, -88.1733, -88.1502,
        -88.1664, -88.1267, -88.1712, -88.1445, -88.1418, -88.1729, -88.1191,
        -88.1850, -88.1786, -88.1813, -88.1677, -88.1269, -88.1894, -88.1597,
        -88.1708, -88.1703, -88.1734, -88.1879, -88.1640, -88.1883, -88.1518,
        -88.1822, -88.1896, -88.1757, -88.1489, -88.1787, -88.1723, -88.1595,
        -88.1464, -88.1525, -88.1763, -88.1642, -88.1710, -88.1748, -88.1770,
        -88.1903, -88.1773, -88.1614, -88.1786, -88.1614, -88.1590, -88.1577,
        -88.1380, -88.1190, -88.1788, -88.1449, -88.1524, -88.1675, -88.1703,
        -88.1623, -88.1889, -88.2010, -88.1827, -88.1624, -88.1988, -88.1372,
        -88.1430, -88.1842, -88.1651, -88.1727, -88.1673, -88.1710, -88.1715,
        -88.1782, -88.1594, -88.1729, -88.1320, -88.1804, -88.1453, -88.1830,
        -88.1497, -88.1892, -88.1354, -88.1955, -88.1349, -88.1266, -88.1645,
        -88.1496, -88.1965, -88.1620, -88.1655, -88.1876, -88.1352, -88.1499,
        -88.1800, -88.2103, -88.1643, -88.1868, -88.1772, -88.1897, -88.1406,
        -88.1728, -88.1652, -88.1720, -88.1595, -88.1924, -88.1799, -88.1801,
        -88.1833, -88.1685, -88.1337, -88.1621, -88.1670, -88.1776, -88.1820,
        -88.1290, -88.1777, -88.1667, -88.1888, -88.1701, -88.1796, -88.1418,
        -88.1579, -88.1038, -88.1385, -88.1759, -88.1833, -88.1728, -88.1659,
        -88.2039, -88.1731, -88.1736, -88.1812, -88.1931, -88.1457, -88.1737,
        -88.1636, -88.1620, -88.1972, -88.1484, -88.1726, -88.1885, -88.1469,
        -88.1448, -88.1414, -88.1340, -88.1846, -88.1688, -88.2009, -88.1801,
        -88.1581, -88.1632, -88.1534, -88.1740, -88.1865, -88.1337, -88.1875,
        -88.1786, -88.1722, -88.1291, -88.1664, -88.1642, -88.1572, -88.1639,
        -88.1400, -88.1750, -88.1705, -88.1788, -88.1920, -88.1783, -88.1638,
        -88.1748, -88.1832, -88.1280, -88.1634, -88.1626, -88.1689, -88.1560,
        -88.1842, -88.1697, -88.1782, -88.1614, -88.1587, -88.2125, -88.2025,
        -88.1895, -88.1659, -88.1969, -88.1631, -88.1734, -88.1644, -88.1242,
        -88.1826, -88.1701, -88.1365, -88.1731, -88.1345, -88.1723, -88.1799,
        -88.1563, -88.1631, -88.1596, -88.1437, -88.1336, -88.1409, -88.1546,
        -88.1895, -88.1578, -88.1927, -88.1421, -88.1750, -88.1566, -88.1285,
        -88.1661, -88.1618, -88.1331, -88.1743, -88.1189, -88.1807, -88.1622,
        -88.1607, -88.1642, -88.1764, -88.1035, -88.1317, -88.1653, -88.1459,
        -88.1959, -88.1614, -88.1633, -88.1790, -88.1976, -88.1759, -88.1246,
        -88.0953, -88.1719, -88.1198, -88.1360, -88.1291, -88.1678, -88.1699,
        -88.1810, -88.1330, -88.1346, -88.1161, -88.1297, -88.1849, -88.1361,
        -88.2591, -88.1687, -88.1639, -88.1677, -88.1945, -88.1765, -88.1723,
        -88.1785, -88.1694, -88.1531, -88.1242, -88.1836, -88.1948, -88.1102,
        -88.1784, -88.1705, -88.1723, -88.1772, -88.1836, -88.1636, -88.1942,
        -88.1636, -88.1361, -88.1519, -88.1805, -88.1594, -88.1636, -88.2114,
        -88.1666, -88.1446]), 'elec_energy_Si64': -88.2635544138, 'alpha': {14: Parameter containing:
tensor([2.9131], requires_grad=True)}, 'Z': {14: Parameter containing:
tensor([13.6904], requires_grad=True)}, 'repulsive_feed': PairwiseRepulsiveEnergyFeed(
  (repulsive_feeds): ModuleDict(
    ((14, 14)): DFTBGammaRepulsive()
  )
)}, tensor([0.1009, 0.1555, 0.1285, 0.1556, 0.0544, 0.1464, 0.1060, 0.1357, 0.1237,
        0.1507, 0.1346, 0.1299, 0.1430, 0.1335, 0.1601, 0.1175, 0.1368, 0.1590,
        0.1576, 0.1345, 0.1441, 0.1277, 0.1466, 0.1145, 0.1443, 0.1413, 0.1338,
        0.1677, 0.1651, 0.1420, 0.1443, 0.1561, 0.1572, 0.1133, 0.1543, 0.1034,
        0.1103, 0.1451, 0.1607, 0.1406, 0.1533, 0.1273, 0.1198, 0.1203, 0.1430,
        0.1578, 0.1402, 0.1355, 0.1366, 0.1250, 0.1383, 0.1222, 0.1478, 0.1652,
        0.1499, 0.1742, 0.1401, 0.1550, 0.1464, 0.1201, 0.1233, 0.1265, 0.1209,
        0.1651, 0.1426, 0.1667, 0.1242, 0.1337, 0.1336, 0.0914, 0.1462, 0.1631,
        0.1612, 0.1530, 0.1216, 0.1431, 0.1480, 0.1457, 0.1410, 0.1167, 0.1227,
        0.1716, 0.1791, 0.1308, 0.1489, 0.1563, 0.1386, 0.1705, 0.1361, 0.1308,
        0.1420, 0.1530, 0.1841, 0.1571, 0.1079, 0.1307, 0.1310, 0.1576, 0.0902,
        0.1460, 0.1351, 0.1317, 0.1477, 0.1154, 0.1500, 0.1689, 0.1464, 0.1475,
        0.1752, 0.1692, 0.1716, 0.1495, 0.1668, 0.1499, 0.1658, 0.1415, 0.1262,
        0.1389, 0.1399, 0.1362, 0.1742, 0.1324, 0.1240, 0.1227, 0.1266, 0.1247,
        0.1532, 0.1132, 0.1486, 0.1492, 0.1413, 0.1421, 0.1579, 0.1419, 0.1454,
        0.1468, 0.1240, 0.1444, 0.1485, 0.1672, 0.1356, 0.1563, 0.1301, 0.1317,
        0.1202, 0.1202, 0.1661, 0.1077, 0.1392, 0.1289, 0.1452, 0.1365, 0.1534,
        0.1562, 0.1560, 0.1643, 0.1089, 0.1389, 0.1230, 0.1398, 0.1200, 0.1766,
        0.1570, 0.1321, 0.1754, 0.1383, 0.1275, 0.1407, 0.1600, 0.1534, 0.1635,
        0.1528, 0.1454, 0.1210, 0.1470, 0.1426, 0.1408, 0.1145, 0.1145, 0.1424,
        0.1434, 0.0988, 0.1411, 0.1698, 0.1503, 0.1213, 0.1393, 0.1249, 0.1469,
        0.1528, 0.1166, 0.1423, 0.1614, 0.1621, 0.1381, 0.1536, 0.1315, 0.1182,
        0.1368, 0.1499]), tensor([0.1108, 0.1548, 0.1348, 0.1547, 0.0416, 0.1786, 0.1073, 0.1329, 0.1280,
        0.1330, 0.1348, 0.1362, 0.1379, 0.1189, 0.1472, 0.1222, 0.1334, 0.1610,
        0.1576, 0.1783, 0.1464, 0.1244, 0.1828, 0.1243, 0.1408, 0.1304, 0.1308,
        0.1638, 0.1754, 0.1682, 0.1832, 0.1688, 0.1550, 0.1278, 0.1529, 0.1449,
        0.1102, 0.1355, 0.1476, 0.1503, 0.1662, 0.1193, 0.1095, 0.1192, 0.1369,
        0.1702, 0.1292, 0.1358, 0.1631, 0.1171, 0.1365, 0.1693, 0.1647, 0.1602,
        0.1742, 0.1775, 0.1349, 0.1803, 0.1412, 0.1206, 0.1353, 0.1290, 0.1311,
        0.1622, 0.1582, 0.1477, 0.1351, 0.1418, 0.1248, 0.1482, 0.1433, 0.1739,
        0.3123, 0.1535, 0.1193, 0.1448, 0.1392, 0.1485, 0.1433, 0.1432, 0.1354,
        0.1978, 0.1803, 0.1300, 0.1420, 0.1870, 0.1639, 0.1812, 0.1525, 0.1555,
        0.1449, 0.1434, 0.2060, 0.1600, 0.1125, 0.1284, 0.1703, 0.1430, 0.1234,
        0.1397, 0.1485, 0.1344, 0.1290, 0.1441, 0.1597, 0.1881, 0.1769, 0.1572,
        0.1637, 0.1731, 0.1661, 0.1347, 0.1712, 0.1704, 0.1614, 0.1308, 0.1266,
        0.1528, 0.1387, 0.1240, 0.1787, 0.1427, 0.1133, 0.1192, 0.1732, 0.1313,
        0.1400, 0.1177, 0.1358, 0.1692, 0.1428, 0.1480, 0.1566, 0.1248, 0.1490,
        0.1427, 0.1162, 0.1631, 0.1671, 0.1727, 0.1450, 0.1498, 0.1286, 0.1330,
        0.1413, 0.1150, 0.1715, 0.1021, 0.1323, 0.1299, 0.1497, 0.1302, 0.1548,
        0.1643, 0.1484, 0.1769, 0.1150, 0.1759, 0.1311, 0.1350, 0.1242, 0.1822,
        0.1485, 0.1463, 0.1824, 0.1369, 0.1483, 0.1362, 0.1439, 0.1423, 0.1586,
        0.1441, 0.1768, 0.1276, 0.1664, 0.1755, 0.1528, 0.1112, 0.1297, 0.1443,
        0.1419, 0.1177, 0.1357, 0.1621, 0.1398, 0.1139, 0.1500, 0.1492, 0.1543,
        0.1700, 0.1509, 0.1485, 0.1497, 0.1726, 0.1494, 0.1600, 0.1497, 0.1294,
        0.1421, 0.1311], grad_fn=<SubBackward0>), [0.1631089156819634, 0.12484103262000623, 0.11276480474560202, 0.16481628121494651, 0.15165278157750528, 0.08568422051439484, 0.12411043951107992, 0.13078722951417632, 0.13551459684089195, 0.15344175486550604, 0.08106358057599117, 0.13129639655049452, 0.14008014660187662, 0.13684702114293223, 0.15019459300205718, 0.1311508820876064, 0.1551915294864905, 0.13231888770672562, 0.13992814698568523, 0.13457614550997832, 0.17231689148341545, 0.14206234489832603, 0.14147630011254897, 0.12976167860918686, 0.1410947594379124, 0.1715152053362079, 0.12475962845624444, 0.15575272621648573, 0.15829195386952932, 0.14055023063967909, 0.12283195733756358, 0.14745517781353534, 0.09997514312437872, 0.11929337480053626, 0.1438798746164487, 0.13822394703952057, 0.18938257147481785, 0.14858510966246463, 0.14576886560108626, 0.1487093547187932, 0.1241320742059262, 0.14231094636143915, 0.14198364879229075, 0.1436395042670462, 0.15407087316707546, 0.14927779768060034, 0.10154040195933334, 0.15163868233165445, 0.13391048625254598, 0.09999667198117024, 0.13277540913068897, 0.13950931897640118, 0.12409382220151421, 0.1457178314466141, 0.160624680085645, 0.12841947531188502, 0.13802635510883476, 0.1352432666555412, 0.145551069626757, 0.14836432192562654, 0.14747712781758615, 0.13786244540405512, 0.16041156818022273, 0.10340982466364323, 0.13376264702738716, 0.11964853938247799, 0.1550052247433431, 0.10586512457681074, 0.10909391104300425, 0.14366512258867203, 0.16262135173607284, 0.08039493837588374, 0.13542325823223145, 0.14600123011014077, 0.148805355714261, 0.14186289381931338, 0.1354017223930679, 0.15429419807727918, 0.16492243898872516, 0.1996231519384839, 0.11277445916064899, 0.15114403826089706, 0.12153304180461788, 0.11628812492065599, 0.13694224783013098, 0.13052480993754578, 0.13886578942721606, 0.16870608954130972, 0.13729486384641731, 0.12240898253449828, 0.1341304309598801, 0.16509141311791709, 0.15776968680149217, 0.12546336773125333, 0.13467900429689728, 0.17511934572825538, 0.13381312994199135, 0.14407963696224257, 0.12227118359229472, 0.13098889363751454, 0.1723992312849809, 0.12809690885077885, 0.1359197103697518, 0.1550063419228085, 0.13694565228755629, 0.14486678470917091, 0.15768697509676421, 0.11346594988579106, 0.14329850177230163, 0.15011786776229563, 0.12607713914740337, 0.11574494785445388, 0.12824906391661095, 0.12982397496165632, 0.11948406998548577, 0.1757766834686425, 0.14214431316421994, 0.1533642343703594, 0.12884580679825497, 0.11603420656527064, 0.12600121136798492, 0.13591411087517535, 0.1383423199212821, 0.14543032898601638, 0.13764259146755187, 0.14169109035962535, 0.13141973132605678, 0.13994622067098383, 0.11097210029868165, 0.15692622071471618, 0.13840595394916555, 0.1550335334830173, 0.13312056981150633, 0.1172796518310193, 0.1535382762314068, 0.10951366844270716, 0.1361733828721583, 0.11981105334790954, 0.14123388539822201, 0.15252785061340823, 0.15615022197786388, 0.12574530340416779, 0.1447857502436154, 0.12654202104269885, 0.1321391074386522, 0.12660625481955812, 0.16193410813036735, 0.17547759027108611, 0.1774152083294389, 0.1404019402246881, 0.1248709634748657, 0.14921038435218215, 0.15983350498024151, 0.1337350758466549, 0.1184736862617175, 0.13092715513979059, 0.10805796595906436, 0.1341571146444256, 0.16789951499895217, 0.12312336478138342, 0.11040723672108754, 0.15514573284575128, 0.14343751821962591, 0.15219190372323865, 0.13758934647371568, 0.13218652398961872, 0.11176152907618508, 0.1594922018760201, 0.10833881532194667, 0.1321249115420784, 0.1465332809508464, 0.15729307893172262, 0.1348125267202036, 0.13744282324186763, 0.14252229062435262, 0.1338530466908079, 0.12318798773359063, 0.11272890139052016, 0.13208999600883864, 0.13484047641897767, 0.15322181677304947, 0.11810261069222783, 0.1500847676456889, 0.14547406950204866, 0.12598608020110014, 0.12652029190208935, 0.16101919290435163, 0.12807877599906625, 0.16741119475195987, 0.1413183603355428, 0.11310366585720821, 0.13257668164587422, 0.14167210933350383, 0.14803262472734602, 0.14065500709822487, 0.11724487006532058, 0.14114949167691115, 0.1555023144816463, 0.12199719532829967, 0.12304012756131577, 0.134692718409827, 0.11354206876169748, 0.1535252338961275, 0.13605346027138054, 0.15361471225398304, 0.15338617040966795, 0.15002783853206658, 0.17309493017527267, 0.15102009785646864, 0.1268905608239077, 0.12868546435040784, 0.16000735096738694, 0.13776993963684525, 0.1573902930223916, 0.141521955635886, 0.13084987167779083, 0.16388673828779154, 0.15601520422453952, 0.1311204661416614, 0.11185638092027261, 0.12827957651327893, 0.13042656686579157, 0.16962271618336722, 0.12946045027587516, 0.11254299794999412, 0.14984969360893885, 0.10383444363148797, 0.13840154439771268, 0.13292691263099954, 0.13756751259752953, 0.18383858822030952, 0.1340283262691031, 0.1367673761693382, 0.1440741789525628, 0.13534742122364385, 0.15579578135761452, 0.13932789748349705, 0.110549969627602, 0.1547010880684887, 0.13493919061707516, 0.09135146982322873, 0.13486933125361666, 0.11523126469364264, 0.11311529407847587, 0.14843388986694173, 0.17028342604177205, 0.15707449321441302, 0.1105284293785207, 0.12753193576019584, 0.1559506646933002, 0.10907341851716446, 0.1451299469896501, 0.14655932703460905, 0.16542444468417195, 0.1373462489569377, 0.1380518069560175, 0.1290924381300762, 0.15024755842540927, 0.13055291067604458, 0.14133991748931507, 0.1334588583686358, 0.1313315219223785, 0.1361858816849253, 0.14001678745893997, 0.1444605205589582, 0.14446987656949162, 0.11793207140930306, 0.13641531947777352, 0.12344135521660071, 0.11914670530637572, 0.14192203377229973, 0.15399685818999842, 0.17610997558760744, 0.13335924123963672, 0.1289696020428508, 0.10187601369566401, 0.12985473120634516, 0.14498938376325476, 0.12645847733326399, 0.136432435843167, 0.16207918821624112, 0.1410405313996428, 0.16174249531478146, 0.14898081499675264, 0.14091304064296928, 0.11726119926018441, 0.1356692166839224, 0.14237679968103123, 0.11807263720815087, 0.14493229148263254, 0.1149859842669887, 0.13349493334306395, 0.1582674251653753, 0.16261610981242036, 0.16774326458839184, 0.14124169536467512, 0.1247157556426437, 0.17205551522010865, 0.11166860840910253, 0.1589919715404413, 0.16874676406119704, 0.13218578459320973, 0.13771798968920557, 0.13719969559064538, 0.14414147468314198, 0.1722350525751466, 0.1526937076648931, 0.11152400165452647, 0.11690255525219762, 0.1608900708451646, 0.14758650409721064, 0.14914186376661576, 0.09669996467838793, 0.12904477793108882, 0.1751887817394966, 0.12287375344683404, 0.16906240474460255, 0.11809104494481026, 0.1535375570471249, 0.1337571636606718, 0.13718157266124997, 0.1224169747775985, 0.1695261033116484, 0.15655787598752902, 0.16050237024874647, 0.17767649418940756, 0.1486017949582834, 0.14160407824893895, 0.15470546748549374, 0.13295105326228374, 0.1691859894155705, 0.12204539757982502, 0.1166048963807782, 0.13467804954944462, 0.11273545893998893, 0.15188794050519583, 0.11631247134815936, 0.14572581156243558, 0.12787670248825478, 0.15848850910176893, 0.14902109556387977, 0.1422933827567654, 0.15427607597474413, 0.14115098663943293, 0.1317523571797672, 0.15872161998960443, 0.10676579539714304, 0.13668999164669593, 0.1414070570352628, 0.14757910057828916, 0.13395730636197456, 0.12717169940397532, 0.15113060564779346, 0.1660105140919974, 0.09407490052555012, 0.13443432325172466, 0.1788206528043439, 0.13183309691574152, 0.14131540127993247, 0.1413335091421022, 0.11437928195090663, 0.1360370550054153, 0.12399412606146498, 0.11717731745696192, 0.11100106685126576, 0.1456655055533833, 0.14375284138886713, 0.1576193556046377, 0.11973854509313853, 0.12290602523366623, 0.1136366729153373, 0.1414322126828953, 0.1444508415218646, 0.14137691597426638, 0.14843256578877906, 0.11276501237928649, 0.16497671480111542, 0.14292051622731705, 0.17846008533670954, 0.11250983572702822, 0.12296367573652667, 0.12559350774673028, 0.16052552599813374, 0.1578638613555281, 0.1606842985148358, 0.1663863295893684, 0.16974559857474425, 0.1345411836725905, 0.11523587122147383, 0.12648019912401054, 0.0638969884093914, 0.12673274966953585, 0.15321628342725546, 0.1433773867698651, 0.09990554100619242, 0.1232217283909236, 0.13996907875084474, 0.10823425173386347, 0.10137673627007082, 0.13681116445949293, 0.11582439254423171, 0.16115563726645377, 0.1671934252371461, 0.12280784647322918, 0.14727780425872972, 0.13903304185055276, 0.12981765775277054, 0.1504067387677388, 0.1517678268079301, 0.1704950462921122, 0.13028171278826228, 0.1281900845581756, 0.15686157902035447, 0.13511727931373585, 0.1392182077321351, 0.1613392703337091, 0.11775112655513631, 0.07445743049200537, 0.14437029104491117, 0.137045821758905, 0.13898976988840772, 0.13507365235311752, 0.13950041792250545, 0.15896065817599236, 0.12787209008053146, 0.15679969021789297, 0.12633715458322214, 0.15797251073351326, 0.13035114402209125, 0.12146447895732848, 0.1321194634547158, 0.12480072302090939, 0.16731307258548256, 0.11591506341766511, 0.13474549374729428, 0.1399996714610392, 0.16988342213899443, 0.11952968949448284, 0.1483635281402158, 0.14769013572242073, 0.09041963594318325, 0.1416292493312863, 0.12601413463544908, 0.14183903358537364, 0.13783605791906695, 0.10197264530953909, 0.12059822939182041, 0.1225078411574394, 0.1337541167741758, 0.15776276102378972, 0.11186360400000872, 0.1406598036200606, 0.12903322504593717, 0.17425005515614345, 0.15397230596627764, 0.1363169176489354, 0.16937054305340382, 0.15261971032749244, 0.11031534099266338, 0.1754303523218379, 0.16505785877965806, 0.13797165410675838, 0.0, 0.14898310484716326, 0.1356532274203115, 0.12894506157891428, 0.14079822583080848, 0.15360654802404383, 0.13572104094887116, 0.145060361776153, 0.1070289675999394, 0.15431606870278713, 0.12046235537923522, 0.15590541231005695, 0.1418746175888259, 0.15096645890987226, 0.14070673581493054, 0.1511450150579421, 0.15632606014589356, 0.13833248175961188, 0.1372537435572223, 0.14326263920896842, 0.14258572988081397, 0.12177644103334728, 0.12140612102996862, 0.11962512602032405, 0.1256143357939017, 0.12961116513567994, 0.16104581301256538, 0.11960111327668699, 0.1265882693326379, 0.0970592198276421, 0.1314628959801727, 0.13648570141662653, 0.1411549331493962, 0.1497620589646953, 0.16145508399251085, 0.13110277832427109, 0.12862910044139753, 0.16518415738824288, 0.1215336672781202, 0.13617136386426765, 0.1651409728894908, 0.12392457061492124, 0.19128100483090194, 0.1290809484537636, 0.14969676827726275, 0.15565657344630957, 0.1413095691621269, 0.11938651780103271, 0.11442723393953003, 0.13204768577651826, 0.14516359356871433, 0.15495839985650228, 0.12757098853239235, 0.16053772824385248, 0.17739988459609712, 0.15768323364803472, 0.1259311579680933, 0.14426965595962216, 0.15157777253119775, 0.1351867461944103, 0.1082752996268912, 0.10577105181840452, 0.13753916233111774, 0.09983801375486756, 0.13362686305064742, 0.1393892688554672, 0.13651549850394318, 0.11031076864170686, 0.11229250132421598, 0.1552297267344116, 0.1372841414959982, 0.17302556950014747, 0.14261895090270116, 0.13685871882042555, 0.12141554686421863, 0.12324050178336243, 0.13286023833149585, 0.14567577662209708, 0.11698943065539424, 0.11655992880479715, 0.1491995469763765, 0.16546189334835226, 0.1496953332161386, 0.15021705823163956, 0.14087046875545717, 0.10945722625763565, 0.13143241719288312, 0.1255336570618084, 0.17668123832508442, 0.12480541149973412, 0.17009762439687748, 0.11450175495480508, 0.11869229219116129, 0.15073556694625445, 0.12562162465492932, 0.15896579205662853, 0.15471718537511414, 0.12984908540761708, 0.13332178963551122, 0.14924435359031385, 0.12162129751244422, 0.15414821616298013, 0.13393700346265014, 0.13051205534948096, 0.1272392700195013, 0.14240249848367803, 0.1303313607582144, 0.16285917425480534, 0.14928833077199855, 0.14437896278302276, 0.1536569710372504, 0.14375696686803963, 0.15818712274636404, 0.10193279470950856, 0.1547246260108519, 0.16914861314755925, 0.13607566568323648, 0.11659810841304363, 0.12253778524205572, 0.13978451114826562, 0.14238856644725217, 0.11647172858845067, 0.1482499396530148, 0.12155417523867484, 0.12887317181527536, 0.1577764663168839, 0.1596043314150375, 0.14089766141814764, 0.117107904965291, 0.1478451326135204, 0.14950696463092505, 0.15598786162460776, 0.13442684402919802, 0.1283409780196969, 0.1615096978986852, 0.13323495392158335, 0.13747381284476745, 0.1364420417491079, 0.13787944049667722, 0.12042179735470704, 0.14214346131487687, 0.12109290359702207, 0.13040485940728175, 0.14073734947223926, 0.16945892591389544, 0.1273962532115931, 0.14593145784258077, 0.12552048867634902, 0.12577322701092264, 0.1461874800967955, 0.14277187072197606, 0.11493920200936536, 0.15429535825345475, 0.12485275197959744, 0.14567022967905174, 0.09445065906146688, 0.15957720012372079, 0.14083479618613381, 0.13396141015904384, 0.12963374098072755, 0.11946785655099568, 0.1559425923366753, 0.11592183080577811, 0.15366416912744718, 0.1564767044469928, 0.12616167729356143, 0.14004080167254962, 0.13425999768589492, 0.14914315660785427, 0.14618286732158126, 0.16177885656644975, 0.17773093978367704, 0.12067065202066374, 0.14253425069202308, 0.13800187675125386, 0.14603559477100525, 0.1502914789212575, 0.15188631471507819, 0.1076669395487766, 0.14449598586209333, 0.13192858231818327, 0.1396477220775001, 0.13296669744973677, 0.16243104352150795, 0.1481360505563405, 0.08467854915651074, 0.12749454479245692, 0.15692228559704624, 0.14157231250030478, 0.1296829042270886, 0.13211698287530993, 0.15443400867750867, 0.13168797089321238, 0.12354273080078038, 0.12191004614263612, 0.1428638123870538, 0.11792974223711461, 0.1429250687336392, 0.1187346336604076, 0.15735533191999096, 0.1379550459845209, 0.12307365397008674, 0.12768957529522318, 0.13981843261227667, 0.14585118776297357, 0.1310739477441878, 0.11894658024475113, 0.13410928062113214, 0.12414382186249995, 0.11837073192655723, 0.15742220503333826, 0.14814797571215088, 0.14172766806481363, 0.12772488220876888, 0.1369611435978193, 0.1371865613820571, 0.1174792164654459, 0.12644235136216686, 0.13170590088865275, 0.13934643531276336, 0.16048904861860436, 0.11711362389517532, 0.1186543286689421, 0.18094555828278303, 0.15960500503015673, 0.1318425341422813, 0.15142136005611917, 0.1457446896904493, 0.13615294142787882, 0.10610636992763034, 0.17191103598569235, 0.1488411106020724, 0.13656922601641064, 0.12643426210085096, 0.1190369189042908, 0.12488936643411108, 0.1678576420835931, 0.148622767430302, 0.14214088004232295, 0.1425790444436945, 0.13749650371519984, 0.14864809763722242, 0.15170961330541743, 0.10312577222963348, 0.13014915540221672, 0.12193351499626992, 0.16658165555670124, 0.10948087555045127, 0.14259776565209314, 0.13409786995586437, 0.15515538101341342, 0.10826223413953784, 0.1273516751784527, 0.14802384898864673, 0.14508719613292698, 0.14428603256111394, 0.09899970690576154, 0.14489641715951507, 0.11986534937242865, 0.09066815472031564, 0.14390044946077651, 0.13635895630374684, 0.13559866312572133, 0.18869133064508326, 0.15721531001114641, 0.15542476495453528, 0.1362550531010278, 0.17262001718435194, 0.11956587471688529, 0.13153650303974906, 0.14363836209804148, 0.15875283670332863, 0.18041854687695036, 0.1500025645516132, 0.17688583504451927, 0.11810096101504897, 0.14940586135923972, 0.1476837729443723, 0.14563384711277827, 0.1572699783063225, 0.15197299093693672, 0.1305419615822938, 0.1384809732852812, 0.1358852082664157, 0.15748795398484816, 0.13441942176812027, 0.16912805043051016, 0.13539229582383072, 0.1216817586036445, 0.13338311396834612, 0.14088821059435652, 0.103776016247906, 0.12632352095131338, 0.16217617519608396, 0.19268562722341365, 0.12544821818970675, 0.1386609450173335, 0.1521059080988696, 0.1551758830940777, 0.1387461251741886, 0.15413001018011308, 0.11718301066231973, 0.15642630348338216, 0.15597035057146869, 0.13953820247551008, 0.1415617327372658, 0.14496051937379306, 0.15841731757529587, 0.016391826369584805, 0.14104680818427262, 0.1293726149803227, 0.140001043680817, 0.11401986877955395, 0.1365239541560257, 0.07560739403024641, 0.15120346706357424, 0.13618278004193485, 0.1417517142503364, 0.1541256943394398, 0.14394652098646432, 0.11911905842203652, 0.17050386686498875, 0.14567482591707126, 0.1060229790953855, 0.13698123886346103, 0.12805195229959843, 0.14371376803705083, 0.15913358285757262, 0.11544685717847258, 0.15720118099834401, 0.1657616469312675, 0.1594223950640945, 0.13877832382986632, 0.15402841814241341, 0.1685907363515433, 0.12219237025591134, 0.13157436145889534, 0.16748716993800983], [0.16522940942711273, 0.11343271740049943, 0.13063021233662653, 0.15328929328148888, 0.15100160865586076, 0.09092347104451903, 0.1441525607673526, 0.13962557553522004, 0.14777656371391856, 0.14653040804714124, 0.12299821412598533, 0.15007756521740134, 0.14624952595724494, 0.17324011127321626, 0.1331553719226264, 0.12610396561635184, 0.14370052129579847, 0.14434257194018585, 0.1505090670812308, 0.15299210460209167, 0.18337235523650008, 0.13151456012370488, 0.1480906920615439, 0.1316188506089162, 0.11734811032073367, 0.1785822613628767, 0.13658960624728422, 0.17664924106620106, 0.1739824871291944, 0.27108912343972236, 0.11843163596132911, 0.14328168308927047, 0.1319957880127589, 0.11424237999207776, 0.1346216694043676, 0.16151429386728466, 0.18914786290683594, 0.14342432678901673, 0.13935638222586988, 0.12659507894710487, 0.1299177659665247, 0.16425409438501504, 0.158063096415205, 0.14455673150132498, 0.1682326667857552, 0.15817313137495148, 0.10909982873877766, 0.15103698642676022, 0.17343076374363875, 0.10031453969818926, 0.1303816109076763, 0.14758362895400978, 0.12607377649304397, 0.17774611711172383, 0.16322868767839793, 0.16916670726149619, 0.16234778769890568, 0.1463972308359729, 0.13472451163086419, 0.16052993904784785, 0.1448537897562261, 0.14155144502031192, 0.15721345106713613, 0.1272199468244395, 0.13690421622932547, 0.12200059426663756, 0.17510313511554898, 0.10836016765260581, 0.10795078440445138, 0.14686720435624068, 0.1694722152656709, 0.09566751404354079, 0.13117378155368442, 0.1588467752783913, 0.16532704817160493, 0.14343676403228756, 0.12977259821751375, 0.169421019599298, 0.17586489549380246, 0.160349834532866, 0.15292728021690039, 0.14316041208914498, 0.12314228417585582, 0.11811885248529563, 0.13794284709638305, 0.13875802476977128, 0.13910231743012957, 0.15867261621527007, 0.14851762887339248, 0.12353524977412178, 0.12797126796219516, 0.16049568701328099, 0.1696301144550887, 0.12590794723871568, 0.14090123093482987, 0.1672077811821282, 0.12960591931494037, 0.13829960716930145, 0.13997300277364388, 0.15719883378322663, 0.1638775020601173, 0.11774317898129993, 0.1329439935553296, 0.15155475316370826, 0.1309006875932539, 0.14542401449898534, 0.16760566272246535, 0.11931405575536758, 0.1443206730065043, 0.16156469370397986, 0.1285881119881367, 0.12100841722264022, 0.12996472197274045, 0.14011744766966672, 0.12775656849360928, 0.17703926855639907, 0.15104631202864027, 0.16662582454497965, 0.13880337063176285, 0.11987842709797292, 0.13219633340403902, 0.14983637874674116, 0.1358700054317552, 0.13790031491376453, 0.14009405146967424, 0.13536668963452314, 0.1309640860851573, 0.14965664225053388, 0.11470686533023411, 0.15968908720790864, 0.12404856607787451, 0.14005344608489168, 0.12732297166698459, 0.11826365525524807, 0.15197529460336057, 0.11736478456259647, 0.13653050574642123, 0.12567713635365863, 0.13161435959990797, 0.15081923050347257, 0.15937102959046, 0.12490500673277438, 0.12850740119836246, 0.12973088965303248, 0.15630731365891393, 0.1255849484508218, 0.16072172764907577, 0.19265412528149284, 0.1742993187725972, 0.13891049693293667, 0.11946004650307884, 0.1844507650900482, 0.17525236223131913, 0.14306934845303942, 0.10840197765512016, 0.12156808192453639, 0.11980080676900684, 0.1310490898277834, 0.15583698432602944, 0.1351213950708683, 0.11741798633624967, 0.17209265127924311, 0.13395382348640794, 0.14574237814493074, 0.1283953755588243, 0.1452551337151391, 0.11507643935514977, 0.15354348716006427, 0.1620857509445841, 0.12870609046271397, 0.15238113458347868, 0.15490656805738467, 0.16449934347303952, 0.1306099333609012, 0.14906053291251453, 0.13244228036236905, 0.1212981108321145, 0.11051706331136302, 0.15438349456356093, 0.14400991741582914, 0.15811726144070803, 0.13835817596994104, 0.14775573079242577, 0.1343151771689719, 0.1279884303349803, 0.11988975797696355, 0.18036984523820365, 0.14223748505840206, 0.16150380445297685, 0.1355774227268114, 0.1240183462491018, 0.13476161459647074, 0.14657304642658175, 0.14699188561142762, 0.13103945557818975, 0.12686541988769306, 0.1362905345506249, 0.1516833359037406, 0.12162405538983023, 0.11141276582642945, 0.16813888212448092, 0.1316863775992374, 0.15821432261004986, 0.12446139797216915, 0.16559946176379015, 0.15250331867152056, 0.14922504308702855, 0.16709785593268123, 0.14018532401301798, 0.1502215185575011, 0.13486481335868916, 0.15275601569294395, 0.12739146032181736, 0.1506973353511114, 0.13046959506201006, 0.13823584729888694, 0.1512813521700309, 0.14853317069274397, 0.12403670184376381, 0.11452025279480438, 0.12641310816231055, 0.16796681726928853, 0.16616946936299826, 0.15820685513318722, 0.13063976402870026, 0.1265182779325329, 0.10230851869066271, 0.12340388969842309, 0.15981186033019412, 0.14687459245895695, 0.17828266870318998, 0.13537902340286223, 0.12287799515037534, 0.14629569844683488, 0.1451258883024309, 0.14186359625098532, 0.13477982577153114, 0.11989362333467568, 0.1663225909363888, 0.15101524236789032, 0.07407882282439004, 0.13828166689256705, 0.12313389963635757, 0.1385163275470802, 0.14777775832486384, 0.1702898807902784, 0.1609240039546478, 0.11383794867562358, 0.13532151741638643, 0.16453752924800824, 0.12181007635436458, 0.14217873210331788, 0.1322484840863467, 0.18545804452121217, 0.1503815515522149, 0.1323093905456716, 0.13925051270716438, 0.26773731346692387, 0.1282514589881174, 0.1417383280365101, 0.1330482595843705, 0.13196451729852754, 0.12367654033128872, 0.13460006704661964, 0.15452405367005895, 0.1364893563718681, 0.1111732507035299, 0.13720106047462366, 0.11267620887275598, 0.11237151849159943, 0.13661413055379512, 0.1532962261912303, 0.17127346840099733, 0.13858140651456097, 0.15082394080624795, 0.13734999049030705, 0.11766018034917636, 0.13727257775649093, 0.12884042714962618, 0.156573887424031, 0.17292924998514536, 0.14324567470792715, 0.1565643069106386, 0.14719588175601928, 0.12484001746327067, 0.11604714416269246, 0.11725394257975097, 0.13066269831304567, 0.1331121952418357, 0.17880465730945616, 0.12684838596824477, 0.13332516649602155, 0.15663684783837084, 0.15823005785095745, 0.16027317978267774, 0.1448077243453838, 0.1228043743362548, 0.1782736357455974, 0.11446053795529565, 0.14839850326320914, 0.17759074155137, 0.1424111099105403, 0.13505525972244925, 0.14181084524719267, 0.1649830740336995, 0.18909170756425908, 0.14633900736615146, 0.12185101180944002, 0.13974535067177385, 0.15177683601807246, 0.13710778080898933, 0.15528725777447505, 0.10817124400708167, 0.14305047143349725, 0.1993340040507121, 0.13482555732541357, 0.16710997744972644, 0.13157819508094803, 0.13965896014651946, 0.16992179219906234, 0.12739481545324338, 0.13345913479254534, 0.167462250151317, 0.17312267639097456, 0.1525511187090416, 0.18151113687504505, 0.14608338242477714, 0.1304478830485749, 0.14688119420647183, 0.1465914667092676, 0.16055875286237153, 0.11822322607768854, 0.12536810328144554, 0.17171945286554546, 0.10817863383182669, 0.14634080293178897, 0.10808086169339504, 0.15715362972345304, 0.11873490634231132, 0.16139706222520545, 0.14861311939216648, 0.13256231018580422, 0.25605170697916435, 0.13485448938712352, 0.1271742825477986, 0.15730265986825032, 0.10711896612065175, 0.12730704411717397, 0.13843095890285895, 0.14402310503503202, 0.13576715708514087, 0.1243016596548614, 0.170482333475249, 0.19340898306646181, 0.0974588190605914, 0.12733627024030625, 0.18000329609418486, 0.13722592899631536, 0.16621762034124288, 0.13038531629371164, 0.11733113711832743, 0.14341354583091004, 0.13434087881942958, 0.14677209695022952, 0.126936092639383, 0.18181930829258874, 0.12991390579541928, 0.15909727103779403, 0.13783988578070705, 0.12760767303403497, 0.10889513023039399, 0.15121267829478313, 0.16527944347558332, 0.14772266698631142, 0.14213993159425797, 0.11022197597857541, 0.18371266897935357, 0.15142533554931958, 0.1793870466866423, 0.11269663484233661, 0.1291860582789326, 0.1459434693885271, 0.1423488753743669, 0.15620365415144022, 0.15997357655895428, 0.17018649043605194, 0.16880928731495715, 0.12755436874022053, 0.1249467101931856, 0.12361188840958448, 0.10383960383579449, 0.12895261052111096, 0.16336148199714273, 0.12128374143790666, 0.11384676426287399, 0.1156573184202756, 0.1332176403571168, 0.1231281406329856, 0.09443602326761891, 0.157446141810766, 0.13317404719656167, 0.172114216517528, 0.14678297753424374, 0.13664289195547497, 0.1590407502285558, 0.1509231951783363, 0.12994369649162252, 0.1788792690371821, 0.1482023920427622, 0.1629103325833796, 0.15743573260442645, 0.1364734760126538, 0.14879344185295906, 0.15263664461960502, 0.1333515574487194, 0.16417979351584222, 0.1153073339345525, 0.11944657004590908, 0.14106637884192708, 0.15099775070787302, 0.16106875007336896, 0.13890026292339996, 0.14001228847268976, 0.1583536995064776, 0.11912668290386819, 0.1571478798702799, 0.1326854399876254, 0.15898673021945342, 0.11730681065434112, 0.14562310573226966, 0.1307420157169048, 0.12060981400958326, 0.17643595889073538, 0.1441628816451015, 0.16906857356971727, 0.1249597075704969, 0.1803536424447998, 0.12252745955485977, 0.1475583289202973, 0.13615577546954682, 0.1118325258021855, 0.13426049473638102, 0.13228694510588923, 0.14100962339637135, 0.13478121609620075, 0.11892787710438313, 0.10878719650980884, 0.13141290669311445, 0.12125854195502939, 0.16709985831799656, 0.10790558033977504, 0.13553316940533477, 0.13072157030008213, 0.20338569833953102, 0.14312908787204037, 0.13770175179787714, 0.15193294410559588, 0.13816488511646696, 0.107504584067172, 0.16539015839650517, 0.16756149058275582, 0.136812177857351, 0.0, 0.1431030239646276, 0.15420109247870073, 0.14766152480575556, 0.13943242835053127, 0.17841209226773458, 0.1357240288985082, 0.13997869500141746, 0.0953924607344021, 0.17319901334789733, 0.12346846564074099, 0.14534695350023696, 0.1435893368267216, 0.14501462447829283, 0.16751345515449145, 0.16281579885590247, 0.17840021484055057, 0.1434690883234424, 0.14023480321499449, 0.16203150829525725, 0.14618425214538888, 0.1143768242815355, 0.1267744629269174, 0.1214435214339602, 0.11580971015588659, 0.13097771576457262, 0.16744371624830023, 0.1267424170625162, 0.13745278098086544, 0.10156554976484244, 0.13263027084937562, 0.15560566727370428, 0.15643009277619058, 0.15639430582615432, 0.15738083819739757, 0.13479671256908432, 0.1260948652704741, 0.18268441177355044, 0.14510906743099383, 0.16363195513271478, 0.16064844864450833, 0.12771526605870065, 0.19216867305021879, 0.12021814252133822, 0.14572538395371737, 0.1508755442057037, 0.14412175978310415, 0.1178370933183146, 0.11491796044929004, 0.12201335294024318, 0.1458635760948681, 0.16390034588349067, 0.12756439308894585, 0.15512107834045707, 0.18040392577606212, 0.14136293566185998, 0.12924531285946728, 0.13453981794538095, 0.16737645782818333, 0.13888500653287394, 0.10282877521156308, 0.09962261190966615, 0.13154091621971986, 0.11210665847444545, 0.13109608371325976, 0.12908412229623423, 0.13956212366485943, 0.11021626473893775, 0.12154755155683006, 0.16002937134156525, 0.14135862647106023, 0.18613049147602112, 0.14061825545006457, 0.1540081092761909, 0.14551757312806046, 0.12875178815426125, 0.16581171594044974, 0.13299635532411003, 0.1201517788598494, 0.11873984285453787, 0.14649855073409412, 0.18369887528591278, 0.133236647305921, 0.15384698060572077, 0.1392506216615459, 0.1218240273787643, 0.13242277040535555, 0.11984373829845651, 0.16567445728688313, 0.11825139027955345, 0.16895046120447432, 0.11709397925767462, 0.11562991393381594, 0.14254461133531038, 0.14334006954659628, 0.1442223415406545, 0.14545433622384962, 0.13930976977266596, 0.1496969674148687, 0.1564667466203815, 0.1248084576063917, 0.1513221817679522, 0.13503433739620618, 0.13093386234162097, 0.1264135065665073, 0.12822593075338773, 0.1286795492274564, 0.15737879211174288, 0.14221044162080432, 0.14633581044493837, 0.15523484094136109, 0.14780185300755022, 0.16981395868366178, 0.14888015415723999, 0.14447403556080474, 0.17212548770598346, 0.1469134269296859, 0.12732550170804302, 0.1286086349388853, 0.14316305078899916, 0.12907016781667835, 0.10662773911867873, 0.13626678240193257, 0.1317570749790633, 0.11636331024084257, 0.17056430370607245, 0.16633021816844007, 0.13116488770624812, 0.12912444040375703, 0.1425930251619718, 0.14699551634944896, 0.14821982459685046, 0.13426909309465884, 0.12712203978736625, 0.15963135974580211, 0.13448848308179606, 0.1615079470058447, 0.1311691535351116, 0.15411919555484133, 0.11957479085512546, 0.15315292509228584, 0.1162536894347852, 0.1550468154527067, 0.12450099861963793, 0.17910213291644084, 0.1589299323143365, 0.14642927652229787, 0.1435457498707251, 0.11586483300452244, 0.14762827296650016, 0.1424885581707116, 0.11349063319745767, 0.17132862009862038, 0.14231050546790414, 0.1361750440415932, 0.08755080402426074, 0.15465322259747438, 0.1292087159216635, 0.1315916654333904, 0.12080951837745602, 0.1465355988055279, 0.1470979452511898, 0.1272636609420772, 0.1457859412622753, 0.15401528939338505, 0.11707788492221027, 0.13251523198645998, 0.12994311684704485, 0.1374252920323471, 0.1430097909237844, 0.1746404868562763, 0.16645555198482498, 0.12902709776420807, 0.13557235005832524, 0.130239515229718, 0.16763434464593274, 0.14082254543151862, 0.14894822833838361, 0.10877478088340808, 0.1406511473385308, 0.1276178154587626, 0.15744778879985688, 0.14379488181715772, 0.19418322800925125, 0.16399087967859316, 0.10376158024260462, 0.12335644333113294, 0.1470771908340538, 0.1433259019491544, 0.11250116591851622, 0.13403073788576592, 0.1427009927528644, 0.1266753237168814, 0.11535122843827139, 0.1431563541927261, 0.1391975986324212, 0.12974018323168934, 0.1467495105750345, 0.10996022403504924, 0.1609496268921049, 0.1369909110786267, 0.11711095517654257, 0.14526223896075408, 0.1553643349360243, 0.16014064057121402, 0.15726842248069772, 0.11761749764907847, 0.13623414268151635, 0.11029179328944849, 0.12118103540335312, 0.15651353106929378, 0.1480093690869495, 0.14959654635960362, 0.12999065217934458, 0.1277421415556006, 0.1602377096220522, 0.11462436421982147, 0.12610281757980601, 0.13390045506103831, 0.1645559408745214, 0.15398705685485936, 0.12986020636792261, 0.13423401463337825, 0.1685078789011243, 0.16914439154662375, 0.13104628121466533, 0.14741331638444422, 0.13763596427388336, 0.1242293568027577, 0.11442156768002576, 0.16369339409513373, 0.14143626785937613, 0.12645948244157523, 0.15815723882671762, 0.1312686347060179, 0.13663427780301163, 0.15710993471699908, 0.15271087572284614, 0.1319799764422669, 0.14068895493689126, 0.13404941395087633, 0.149464476023212, 0.15366134620346372, 0.09158649808519215, 0.11284203208296617, 0.11673472240111948, 0.15627435680170265, 0.10462815472907039, 0.14402329010789572, 0.13430211295076333, 0.15295325953732686, 0.14877506053670686, 0.12390605373185792, 0.14423985026391506, 0.16260464592835433, 0.14012585415443368, 0.13703980499214197, 0.14082911719755487, 0.12058594206253304, 0.11875836342719026, 0.1455767927642455, 0.14354748584406707, 0.15339189830261546, 0.19206458118706848, 0.16714094452116512, 0.15799124997400327, 0.1266295412348768, 0.1666934611638169, 0.11204970046274809, 0.15079782144687215, 0.1392165643614902, 0.158338534228605, 0.1887771161768086, 0.1485582999247015, 0.16683626332915935, 0.1491113075419861, 0.14325066329644187, 0.17481920074413893, 0.1376007374419146, 0.1547390848404433, 0.1534585235139332, 0.13789262482956133, 0.1357180430574374, 0.1787604310811588, 0.17291737982861832, 0.13838249685716164, 0.17067312555326453, 0.12103281297538615, 0.13477477710159746, 0.13951725537620518, 0.13370815770277034, 0.10147140715459102, 0.12741876059979518, 0.18050727703825942, 0.2156737965851363, 0.12774095808742914, 0.1692322815864742, 0.16807176577898986, 0.17392466850495225, 0.13984942518136734, 0.1479940260608288, 0.11917445295132723, 0.17369221047189853, 0.17017496208923433, 0.1720995078084826, 0.16513388056475264, 0.13273737942230923, 0.17177074338042075, 0.011936563533510025, 0.14017526439333494, 0.1372326666429302, 0.140438869121013, 0.10872258603156126, 0.1328678014967153, 0.10029800653663301, 0.1406364976881065, 0.13790312662004567, 0.14918110049501365, 0.17598905393712982, 0.13492940861401337, 0.11223583646062707, 0.19297853568588152, 0.13861357298013388, 0.11941557886811438, 0.13514209168769753, 0.12714512304935965, 0.1334572599906494, 0.15510694905451317, 0.10928030465525751, 0.1541535511452139, 0.1765638249543855, 0.1609349900159316, 0.13101113277758714, 0.15419446127988579, 0.16040805058503338, 0.10360570859064921, 0.13665987574808014, 0.1711750178861564], {14: Parameter containing:
tensor([2.9131], requires_grad=True)}, {14: Parameter containing:
tensor([13.6904], requires_grad=True)}, 0.0003510347594978836, 0.012017671673605684]