[[242, 370, 211, 951, 842, 432, 179, 599, 209, 943, 62, 361, 548, 157, 512, 563, 484, 927, 143, 135, 50, 640, 170, 149, 560, 72, 968, 334, 176, 2, 685, 691, 63, 654, 819, 152, 223, 992, 444, 401, 755, 333, 213, 769, 391, 287, 551, 648, 312, 433, 327, 702, 592, 156, 546, 96, 267, 285, 421, 410, 579, 900, 539, 117, 719, 385, 281, 934, 305, 918, 408, 54, 883, 998, 239, 503, 778, 390, 316, 3, 76, 492, 991, 306, 440, 700, 736, 860, 411, 644, 490, 839, 289, 606, 379, 671, 615, 910, 212, 174, 867, 582, 469, 770, 486, 676, 29, 878, 677, 107, 911, 376, 877, 960, 144, 603, 340, 925, 297, 817, 598, 339, 886, 301, 678, 804, 522, 286, 810, 547, 617, 792, 348, 523, 343, 329, 470, 274, 87, 540, 604, 880, 562, 856, 252, 811, 381, 141, 30, 718, 822, 46, 214, 836, 321, 529, 940, 445, 861, 955, 815, 268, 498, 594, 821, 357, 517, 85, 19, 818, 959, 578, 236, 167, 987, 786, 686, 746, 70, 150, 545, 250, 169, 820, 518, 403, 335, 133, 576, 580, 857, 831, 897, 767, 641, 378, 419, 649, 829, 322, 234, 203, 703, 534, 389, 505, 729, 31, 459, 83, 953, 979, 349, 765, 638, 248, 950, 366, 607, 425, 794, 77, 632, 218, 202, 561, 906, 514, 136, 261, 51, 693, 371, 699, 296, 805, 418, 377, 240, 293, 9, 646, 939, 124, 37, 224, 705, 809, 754, 189, 330, 300, 372, 280, 181, 468, 701, 4, 660, 245, 947, 455, 554, 611, 363, 420, 586, 942, 714, 527, 456, 382, 889, 412, 131, 109, 481, 500, 100, 572, 263, 541, 774, 344, 402, 590, 711, 416, 193, 311, 982, 346, 477, 917, 888, 726, 164, 924, 227, 875, 269, 920, 948, 801, 238, 44, 650, 102, 91, 869, 460, 921, 89, 194, 140, 356, 972, 103, 930, 16, 828, 899, 162, 309, 52, 24, 694, 414, 668, 134, 695, 166, 941, 158, 304, 764, 583, 566, 588, 986, 625, 793, 5, 777, 681, 732, 146, 581, 789, 163, 439, 779, 128, 80, 431, 716, 923, 865, 232, 511, 228, 753, 257, 173, 975, 138, 415, 957, 201, 613, 352, 295, 253, 956, 862, 147, 569, 84, 890, 424, 981, 997, 463, 538, 896, 601, 895, 642, 913, 643, 13, 863, 208, 400, 989, 368, 651, 33, 556, 126, 331, 196, 464, 249, 195, 122, 680, 155, 520, 916, 266, 723, 442, 338, 881, 704, 747, 14, 438, 995, 74, 796, 626, 733, 715, 271, 707, 393, 825, 251, 659, 489, 893, 69, 137, 531, 892, 782, 859, 461, 34, 636, 967, 502, 448, 35, 398, 858, 323, 288, 653, 937, 612, 112, 874, 760, 436, 462, 525, 772, 317, 749, 1, 596, 178, 98, 665, 115, 739, 776, 10, 186, 226, 395, 928, 758, 217, 255, 216, 724, 299, 337, 725, 515, 564, 708, 397, 787, 241, 864, 565, 11, 621, 291, 64, 388, 575, 761, 748, 215, 108, 22, 365, 795, 58, 479, 952, 766, 38, 552, 88, 683, 735, 392, 885, 978, 66, 435, 645, 965, 177, 914, 584, 851, 319, 550, 784, 422, 247, 524, 912, 970, 119, 568, 980, 151, 125, 229, 235, 903, 781, 591, 450, 160, 609, 973, 666, 258, 756, 423, 670, 709, 971, 53, 430, 949, 180, 791, 656, 919, 362, 190, 384, 318, 628, 938, 884, 608, 347, 698, 662, 647, 380, 751, 25, 21, 428, 270, 969, 549, 454, 727, 482, 852, 373, 275, 618, 206, 105, 908, 260, 876, 832, 690, 536, 446, 633, 627, 265, 936, 283, 872, 573, 932, 26, 533, 23, 82, 537, 132, 351, 504, 629, 165, 187, 204, 467, 557, 833, 931, 743, 434, 116, 443, 721, 689, 630, 587, 417, 963, 807, 759, 142, 697, 453, 882, 367, 129, 457, 507, 353, 658, 510, 231, 230, 139, 290, 55, 487, 944, 768, 399, 740, 847, 535, 320, 996, 635, 988, 843, 369, 985, 737, 589, 171, 359, 473, 219, 620, 762, 713, 328, 624, 244, 984, 803, 302, 130, 745, 426, 741, 237, 394, 954, 210, 696, 409, 495, 775, 491, 530, 816, 773, 945, 848, 97, 976, 974, 669, 341, 637, 763, 870, 622, 574, 558, 712, 652, 846, 585, 750, 742, 730, 110, 744, 441, 199, 757, 61, 667, 780, 40, 675, 406, 360, 222, 183, 121, 553, 799, 849, 292, 501, 623, 59, 634, 840, 27, 663, 154, 855, 834, 844, 99, 946, 95, 198, 605, 922, 853, 192, 542, 374, 905, 814, 278, 113, 614, 233, 254, 336, 246, 887, 404, 185, 474, 314, 60, 324, 184, 7, 345, 298, 272, 526, 413, 12, 909, 383, 544, 315, 429, 619, 45, 326, 259, 494, 375, 964, 915, 824, 506, 567, 958, 655, 734, 771, 559, 307, 57], [990, 797, 452, 120, 8, 93, 933, 966, 962, 827, 597, 36, 688, 710, 86, 101, 785, 364, 243, 18, 32, 808, 17, 355, 664, 639, 496, 631, 475, 153, 94, 188, 731, 118, 866, 15, 516, 499, 902, 256, 67, 684, 555, 935, 478, 71, 616, 692, 92, 528, 593, 48, 277, 845, 570, 65, 661, 310, 493, 871, 983, 273, 961, 672, 205, 465, 898, 543, 682, 20, 521, 73, 6, 342, 148, 728, 485, 674, 387, 172, 56, 79, 602, 509, 168, 78, 571, 221, 926, 28, 977, 790, 114, 994, 145, 687, 313, 466, 41, 427, 284, 679, 826, 42, 182, 279, 159, 308, 868, 894, 798, 854, 476, 43, 577, 396, 783, 358, 508, 350, 1000, 837, 480, 488, 47, 802, 483, 879, 610, 175, 451, 752, 800, 532, 835, 449, 303, 282, 127, 999, 191, 901, 447, 788, 123, 907, 106, 850, 497, 386, 838, 873, 673, 262, 657, 197, 354, 111, 720, 717, 830, 161, 595, 276, 891, 738, 332, 813, 806, 458, 993, 929, 81, 405, 220, 49, 294, 823, 39, 225, 519, 90, 812, 841, 325, 904, 472, 68, 600, 264, 75, 706, 437, 207, 104, 407, 200, 722, 471, 513], [0.0003915760115209846, 0.00045240342900341416, 0.0002917048090141227, 0.00030332757088978916, 0.00035584876998349864, 0.00033452586348506737, 0.00028445338594231635, 0.0002822885684093003, 0.00032054731823645115, 0.0003112201834546516, 0.0002786915613936478, 0.0002793615268381221, 0.0002988437901058882, 0.000303185124432616, 0.0002880135456546057, 0.0002746612695162272, 0.00028101432946697383, 0.0002929144091965042, 0.00028745330312223707, 0.0002757151036301873, 0.00027633997697394343, 0.0002842257228696695, 0.00028557347640722054, 0.0002788177230556964, 0.0002741929870339991, 0.0002779844966140571, 0.00028205173649673183, 0.0002786109537776479, 0.00027431932795921504, 0.00027585991193639667, 0.00027902542446686993, 0.00027810359594478146, 0.0002748288608949523, 0.00027455405655044693, 0.00027699879345467857, 0.0002770260979148881, 0.0002746859744145768, 0.0002743259443285699, 0.0002759169531153543, 0.0002761144323257884, 0.0002746108790606687, 0.00027414501201929577, 0.0002752374879113606, 0.000275406084612944, 0.0002743265312323562, 0.0002741336527263594, 0.00027488296059005704, 0.00027488312449106613, 0.0002741528526788059, 0.00027410160304640503, 0.0002746235449274886, 0.0002744884995364634, 0.0002739974028562048, 0.00027411773215426516], {'Geodset': Geometry(Si64, Si64, ..., Si64, Si64, pbc=[True, True, True]), 'GeoSi64': Geometry(Si64, pbc=[True, True, True]), 'formation_energy': tensor([0.1631, 0.1248, 0.1128, 0.1648, 0.1517, 0.0857, 0.1241, 0.1308, 0.1355,
        0.1534, 0.0811, 0.1313, 0.1401, 0.1368, 0.1502, 0.1312, 0.1552, 0.1323,
        0.1399, 0.1346, 0.1723, 0.1421, 0.1415, 0.1298, 0.1411, 0.1715, 0.1248,
        0.1558, 0.1583, 0.1406, 0.1228, 0.1475, 0.1000, 0.1193, 0.1439, 0.1382,
        0.1894, 0.1486, 0.1458, 0.1487, 0.1241, 0.1423, 0.1420, 0.1436, 0.1541,
        0.1493, 0.1015, 0.1516, 0.1339, 0.1000, 0.1328, 0.1395, 0.1241, 0.1457,
        0.1606, 0.1284, 0.1380, 0.1352, 0.1456, 0.1484, 0.1475, 0.1379, 0.1604,
        0.1034, 0.1338, 0.1196, 0.1550, 0.1059, 0.1091, 0.1437, 0.1626, 0.0804,
        0.1354, 0.1460, 0.1488, 0.1419, 0.1354, 0.1543, 0.1649, 0.1996, 0.1128,
        0.1511, 0.1215, 0.1163, 0.1369, 0.1305, 0.1389, 0.1687, 0.1373, 0.1224,
        0.1341, 0.1651, 0.1578, 0.1255, 0.1347, 0.1751, 0.1338, 0.1441, 0.1223,
        0.1310, 0.1724, 0.1281, 0.1359, 0.1550, 0.1369, 0.1449, 0.1577, 0.1135,
        0.1433, 0.1501, 0.1261, 0.1157, 0.1282, 0.1298, 0.1195, 0.1758, 0.1421,
        0.1534, 0.1288, 0.1160, 0.1260, 0.1359, 0.1383, 0.1454, 0.1376, 0.1417,
        0.1314, 0.1399, 0.1110, 0.1569, 0.1384, 0.1550, 0.1331, 0.1173, 0.1535,
        0.1095, 0.1362, 0.1198, 0.1412, 0.1525, 0.1562, 0.1257, 0.1448, 0.1265,
        0.1321, 0.1266, 0.1619, 0.1755, 0.1774, 0.1404, 0.1249, 0.1492, 0.1598,
        0.1337, 0.1185, 0.1309, 0.1081, 0.1342, 0.1679, 0.1231, 0.1104, 0.1551,
        0.1434, 0.1522, 0.1376, 0.1322, 0.1118, 0.1595, 0.1083, 0.1321, 0.1465,
        0.1573, 0.1348, 0.1374, 0.1425, 0.1339, 0.1232, 0.1127, 0.1321, 0.1348,
        0.1532, 0.1181, 0.1501, 0.1455, 0.1260, 0.1265, 0.1610, 0.1281, 0.1674,
        0.1413, 0.1131, 0.1326, 0.1417, 0.1480, 0.1407, 0.1172, 0.1411, 0.1555,
        0.1220, 0.1230, 0.1347, 0.1135, 0.1535, 0.1361, 0.1536, 0.1534, 0.1500,
        0.1731, 0.1510, 0.1269, 0.1287, 0.1600, 0.1378, 0.1574, 0.1415, 0.1308,
        0.1639, 0.1560, 0.1311, 0.1119, 0.1283, 0.1304, 0.1696, 0.1295, 0.1125,
        0.1498, 0.1038, 0.1384, 0.1329, 0.1376, 0.1838, 0.1340, 0.1368, 0.1441,
        0.1353, 0.1558, 0.1393, 0.1105, 0.1547, 0.1349, 0.0914, 0.1349, 0.1152,
        0.1131, 0.1484, 0.1703, 0.1571, 0.1105, 0.1275, 0.1560, 0.1091, 0.1451,
        0.1466, 0.1654, 0.1373, 0.1381, 0.1291, 0.1502, 0.1306, 0.1413, 0.1335,
        0.1313, 0.1362, 0.1400, 0.1445, 0.1445, 0.1179, 0.1364, 0.1234, 0.1191,
        0.1419, 0.1540, 0.1761, 0.1334, 0.1290, 0.1019, 0.1299, 0.1450, 0.1265,
        0.1364, 0.1621, 0.1410, 0.1617, 0.1490, 0.1409, 0.1173, 0.1357, 0.1424,
        0.1181, 0.1449, 0.1150, 0.1335, 0.1583, 0.1626, 0.1677, 0.1412, 0.1247,
        0.1721, 0.1117, 0.1590, 0.1687, 0.1322, 0.1377, 0.1372, 0.1441, 0.1722,
        0.1527, 0.1115, 0.1169, 0.1609, 0.1476, 0.1491, 0.0967, 0.1290, 0.1752,
        0.1229, 0.1691, 0.1181, 0.1535, 0.1338, 0.1372, 0.1224, 0.1695, 0.1566,
        0.1605, 0.1777, 0.1486, 0.1416, 0.1547, 0.1330, 0.1692, 0.1220, 0.1166,
        0.1347, 0.1127, 0.1519, 0.1163, 0.1457, 0.1279, 0.1585, 0.1490, 0.1423,
        0.1543, 0.1412, 0.1318, 0.1587, 0.1068, 0.1367, 0.1414, 0.1476, 0.1340,
        0.1272, 0.1511, 0.1660, 0.0941, 0.1344, 0.1788, 0.1318, 0.1413, 0.1413,
        0.1144, 0.1360, 0.1240, 0.1172, 0.1110, 0.1457, 0.1438, 0.1576, 0.1197,
        0.1229, 0.1136, 0.1414, 0.1445, 0.1414, 0.1484, 0.1128, 0.1650, 0.1429,
        0.1785, 0.1125, 0.1230, 0.1256, 0.1605, 0.1579, 0.1607, 0.1664, 0.1697,
        0.1345, 0.1152, 0.1265, 0.0639, 0.1267, 0.1532, 0.1434, 0.0999, 0.1232,
        0.1400, 0.1082, 0.1014, 0.1368, 0.1158, 0.1612, 0.1672, 0.1228, 0.1473,
        0.1390, 0.1298, 0.1504, 0.1518, 0.1705, 0.1303, 0.1282, 0.1569, 0.1351,
        0.1392, 0.1613, 0.1178, 0.0745, 0.1444, 0.1370, 0.1390, 0.1351, 0.1395,
        0.1590, 0.1279, 0.1568, 0.1263, 0.1580, 0.1304, 0.1215, 0.1321, 0.1248,
        0.1673, 0.1159, 0.1347, 0.1400, 0.1699, 0.1195, 0.1484, 0.1477, 0.0904,
        0.1416, 0.1260, 0.1418, 0.1378, 0.1020, 0.1206, 0.1225, 0.1338, 0.1578,
        0.1119, 0.1407, 0.1290, 0.1743, 0.1540, 0.1363, 0.1694, 0.1526, 0.1103,
        0.1754, 0.1651, 0.1380, 0.0000, 0.1490, 0.1357, 0.1289, 0.1408, 0.1536,
        0.1357, 0.1451, 0.1070, 0.1543, 0.1205, 0.1559, 0.1419, 0.1510, 0.1407,
        0.1511, 0.1563, 0.1383, 0.1373, 0.1433, 0.1426, 0.1218, 0.1214, 0.1196,
        0.1256, 0.1296, 0.1610, 0.1196, 0.1266, 0.0971, 0.1315, 0.1365, 0.1412,
        0.1498, 0.1615, 0.1311, 0.1286, 0.1652, 0.1215, 0.1362, 0.1651, 0.1239,
        0.1913, 0.1291, 0.1497, 0.1557, 0.1413, 0.1194, 0.1144, 0.1320, 0.1452,
        0.1550, 0.1276, 0.1605, 0.1774, 0.1577, 0.1259, 0.1443, 0.1516, 0.1352,
        0.1083, 0.1058, 0.1375, 0.0998, 0.1336, 0.1394, 0.1365, 0.1103, 0.1123,
        0.1552, 0.1373, 0.1730, 0.1426, 0.1369, 0.1214, 0.1232, 0.1329, 0.1457,
        0.1170, 0.1166, 0.1492, 0.1655, 0.1497, 0.1502, 0.1409, 0.1095, 0.1314,
        0.1255, 0.1767, 0.1248, 0.1701, 0.1145, 0.1187, 0.1507, 0.1256, 0.1590,
        0.1547, 0.1298, 0.1333, 0.1492, 0.1216, 0.1541, 0.1339, 0.1305, 0.1272,
        0.1424, 0.1303, 0.1629, 0.1493, 0.1444, 0.1537, 0.1438, 0.1582, 0.1019,
        0.1547, 0.1691, 0.1361, 0.1166, 0.1225, 0.1398, 0.1424, 0.1165, 0.1482,
        0.1216, 0.1289, 0.1578, 0.1596, 0.1409, 0.1171, 0.1478, 0.1495, 0.1560,
        0.1344, 0.1283, 0.1615, 0.1332, 0.1375, 0.1364, 0.1379, 0.1204, 0.1421,
        0.1211, 0.1304, 0.1407, 0.1695, 0.1274, 0.1459, 0.1255, 0.1258, 0.1462,
        0.1428, 0.1149, 0.1543, 0.1249, 0.1457, 0.0945, 0.1596, 0.1408, 0.1340,
        0.1296, 0.1195, 0.1559, 0.1159, 0.1537, 0.1565, 0.1262, 0.1400, 0.1343,
        0.1491, 0.1462, 0.1618, 0.1777, 0.1207, 0.1425, 0.1380, 0.1460, 0.1503,
        0.1519, 0.1077, 0.1445, 0.1319, 0.1396, 0.1330, 0.1624, 0.1481, 0.0847,
        0.1275, 0.1569, 0.1416, 0.1297, 0.1321, 0.1544, 0.1317, 0.1235, 0.1219,
        0.1429, 0.1179, 0.1429, 0.1187, 0.1574, 0.1380, 0.1231, 0.1277, 0.1398,
        0.1459, 0.1311, 0.1189, 0.1341, 0.1241, 0.1184, 0.1574, 0.1481, 0.1417,
        0.1277, 0.1370, 0.1372, 0.1175, 0.1264, 0.1317, 0.1393, 0.1605, 0.1171,
        0.1187, 0.1809, 0.1596, 0.1318, 0.1514, 0.1457, 0.1362, 0.1061, 0.1719,
        0.1488, 0.1366, 0.1264, 0.1190, 0.1249, 0.1679, 0.1486, 0.1421, 0.1426,
        0.1375, 0.1486, 0.1517, 0.1031, 0.1301, 0.1219, 0.1666, 0.1095, 0.1426,
        0.1341, 0.1552, 0.1083, 0.1274, 0.1480, 0.1451, 0.1443, 0.0990, 0.1449,
        0.1199, 0.0907, 0.1439, 0.1364, 0.1356, 0.1887, 0.1572, 0.1554, 0.1363,
        0.1726, 0.1196, 0.1315, 0.1436, 0.1588, 0.1804, 0.1500, 0.1769, 0.1181,
        0.1494, 0.1477, 0.1456, 0.1573, 0.1520, 0.1305, 0.1385, 0.1359, 0.1575,
        0.1344, 0.1691, 0.1354, 0.1217, 0.1334, 0.1409, 0.1038, 0.1263, 0.1622,
        0.1927, 0.1254, 0.1387, 0.1521, 0.1552, 0.1387, 0.1541, 0.1172, 0.1564,
        0.1560, 0.1395, 0.1416, 0.1450, 0.1584, 0.0164, 0.1410, 0.1294, 0.1400,
        0.1140, 0.1365, 0.0756, 0.1512, 0.1362, 0.1418, 0.1541, 0.1439, 0.1191,
        0.1705, 0.1457, 0.1060, 0.1370, 0.1281, 0.1437, 0.1591, 0.1154, 0.1572,
        0.1658, 0.1594, 0.1388, 0.1540, 0.1686, 0.1222, 0.1316, 0.1675]), 'elec_energy_defects': tensor([-88.1512, -88.1980, -88.1576, -88.1713, -88.1633, -88.1965, -88.1462,
        -88.1621, -88.1515, -88.1711, -88.1397, -88.1443, -88.1588, -88.1117,
        -88.1894, -88.1833, -88.1762, -88.1545, -88.1518, -88.1427, -88.1305,
        -88.1856, -88.1554, -88.1717, -88.2072, -88.1362, -88.1584, -88.1263,
        -88.1328, -86.5279, -88.1854, -88.1709, -88.1428, -88.1890, -88.1807,
        -88.1331, -88.1381, -88.1731, -88.1750, -88.2014, -88.1708, -88.1330,
        -88.1423, -88.1652, -88.1366, -88.1504, -88.1818, -88.1598, -88.1082,
        -88.1946, -88.1795, -88.1554, -88.1770, -88.1127, -88.1482, -88.1122,
        -88.1290, -88.1563, -88.1831, -88.1435, -88.1671, -88.1636, -88.1629,
        -88.1579, -88.1697, -88.1787, -88.1262, -88.1870, -88.1913, -88.1602,
        -88.1424, -88.1846, -88.1771, -88.1437, -88.1369, -88.1647, -88.1804,
        -88.1342, -88.1349, -89.6468, -88.1231, -88.1746, -88.1794, -88.1818,
        -88.1696, -88.1604, -88.1683, -88.1674, -88.1525, -88.1788, -88.1833,
        -88.1597, -88.1402, -88.1769, -88.1633, -88.1598, -88.1788, -88.1755,
        -88.1521, -88.1321, -88.1607, -88.1937, -88.1763, -88.1644, -88.1790,
        -88.1645, -88.1377, -88.1778, -88.1652, -88.1425, -88.1744, -88.1758,
        -88.1749, -88.1565, -88.1693, -88.1465, -88.1528, -88.1394, -88.1596,
        -88.1794, -88.1684, -88.1485, -88.1749, -88.1800, -88.1666, -88.1781,
        -88.1765, -88.1551, -88.1821, -88.1517, -88.1959, -88.1816, -88.1830,
        -88.1835, -88.1619, -88.1774, -88.1715, -88.1715, -88.1820, -88.1650,
        -88.1542, -88.1797, -88.1928, -88.1733, -88.1354, -88.1797, -88.1584,
        -88.1181, -88.1454, -88.1730, -88.1878, -88.1048, -88.1319, -88.1591,
        -88.1993, -88.1908, -88.1713, -88.1771, -88.1708, -88.1610, -88.1769,
        -88.1303, -88.1854, -88.1719, -88.1845, -88.1533, -88.1802, -88.1646,
        -88.1031, -88.1800, -88.1524, -88.1622, -88.1238, -88.1825, -88.1540,
        -88.1746, -88.1813, -88.1896, -88.1364, -88.1580, -88.1489, -88.1489,
        -88.1649, -88.1821, -88.1735, -88.1897, -88.1253, -88.1537, -88.1629,
        -88.1757, -88.1679, -88.1713, -88.1606, -88.1664, -88.1854, -88.1688,
        -88.1758, -88.1628, -88.1820, -88.1983, -88.1171, -88.1563, -88.1529,
        -88.1901, -88.1389, -88.1618, -88.1656, -88.1545, -88.1794, -88.1400,
        -88.1667, -88.1683, -88.1890, -88.1684, -88.1857, -88.1625, -88.1736,
        -88.1714, -88.1859, -88.1823, -88.1792, -88.1137, -88.1555, -88.1303,
        -88.1577, -88.2008, -88.1967, -88.1939, -88.1300, -88.1564, -88.1500,
        -88.1709, -88.1943, -88.1613, -88.1556, -88.1809, -88.1763, -88.1733,
        -88.1405, -88.1453, -88.2298, -88.1664, -88.1728, -88.1450, -88.1643,
        -88.1482, -88.1539, -88.1835, -88.1657, -88.1459, -88.1696, -88.1738,
        -88.1883, -88.1200, -88.1487, -88.1785, -88.1583, -89.4713, -88.1799,
        -88.1667, -88.1772, -88.1737, -88.1938, -88.1773, -88.1497, -88.1786,
        -88.1945, -88.1702, -88.1966, -88.1933, -88.1762, -88.1622, -88.1508,
        -88.1647, -88.1417, -88.1362, -88.1959, -88.1804, -88.1748, -88.1381,
        -88.1400, -88.1655, -88.1664, -88.1652, -88.1966, -88.1854, -88.2010,
        -88.1844, -88.1607, -88.1104, -88.1680, -88.1727, -88.1596, -88.1602,
        -88.1614, -88.1598, -88.1815, -88.1378, -88.1834, -88.1729, -88.1354,
        -88.1568, -88.1770, -88.1635, -88.1334, -88.1181, -88.1704, -88.1705,
        -88.1487, -88.1712, -88.1811, -88.1520, -88.1803, -88.1553, -88.1076,
        -88.1608, -88.1556, -88.1599, -88.1817, -88.1128, -88.1876, -88.1619,
        -88.1551, -88.1316, -88.1691, -88.1383, -88.1692, -88.1844, -88.1720,
        -88.1514, -88.1666, -88.1876, -88.1704, -88.1130, -88.1943, -88.1696,
        -88.1980, -88.1478, -88.1906, -88.1484, -88.1638, -88.1820, -89.4958,
        -88.1785, -88.1813, -88.1592, -88.1898, -88.1856, -88.1729, -88.1699,
        -88.1699, -88.1807, -88.1286, -88.1063, -88.1946, -88.1838, -88.1405,
        -88.1654, -88.1282, -88.1847, -88.1825, -88.1603, -88.1642, -88.1351,
        -88.1637, -88.1073, -88.1867, -88.1541, -88.1532, -88.1693, -88.1947,
        -88.1519, -88.1332, -88.1575, -88.1734, -88.1896, -88.1214, -88.1529,
        -88.1408, -88.1861, -88.1716, -88.1445, -88.1869, -88.1619, -88.1572,
        -88.1475, -88.1510, -88.1849, -88.1709, -88.1829, -88.1553, -88.1735,
        -88.1437, -88.2041, -88.1736, -88.1914, -88.1806, -88.1680, -88.2054,
        -88.1371, -88.1577, -88.1382, -88.1865, -88.1564, -88.1469, -88.1498,
        -88.1752, -88.1151, -88.1678, -88.1611, -88.1300, -88.1606, -88.1711,
        -88.1427, -88.1787, -88.1520, -88.1873, -88.1395, -88.1711, -88.1489,
        -88.1355, -88.1677, -88.1700, -88.1580, -88.1905, -88.1569, -88.1679,
        -88.1553, -88.1956, -88.1413, -88.1752, -88.1861, -88.1366, -88.1379,
        -88.1170, -88.1945, -88.1330, -88.1774, -88.1651, -88.1833, -88.1694,
        -88.1801, -88.1671, -88.1694, -88.1750, -88.1679, -88.2006, -88.1651,
        -88.1922, -88.1446, -88.1928, -88.1773, -88.1715, -88.0982, -88.1757,
        -88.1673, -88.1779, -88.1856, -88.1936, -88.1631, -88.1484, -88.1717,
        -88.2636, -88.1724, -88.1415, -88.1471, -88.1697, -88.1198, -88.1746,
        -88.1750, -88.2103, -88.1327, -88.1755, -88.1768, -88.1646, -88.1709,
        -88.1253, -88.1436, -88.1225, -88.1589, -88.1685, -88.1357, -88.1585,
        -88.1919, -88.1725, -88.1782, -88.1943, -88.1733, -88.1452, -88.1704,
        -88.1604, -88.1907, -88.1718, -88.1395, -88.1434, -88.1497, -88.1629,
        -88.1676, -88.1807, -88.1246, -88.1420, -88.1280, -88.1619, -88.1739,
        -88.1333, -88.1912, -88.1690, -88.1672, -88.1631, -88.1860, -88.1848,
        -88.1889, -88.1633, -88.1446, -88.1767, -88.1651, -88.1414, -88.1835,
        -88.1729, -88.1820, -88.1365, -88.1673, -88.1986, -88.2025, -88.1803,
        -88.1757, -88.1763, -88.1868, -88.1664, -88.1898, -88.1733, -88.1502,
        -88.1664, -88.1267, -88.1712, -88.1445, -88.1418, -88.1729, -88.1191,
        -88.1850, -88.1786, -88.1813, -88.1677, -88.1269, -88.1894, -88.1597,
        -88.1708, -88.1703, -88.1734, -88.1879, -88.1640, -88.1883, -88.1518,
        -88.1822, -88.1896, -88.1757, -88.1489, -88.1787, -88.1723, -88.1595,
        -88.1464, -88.1525, -88.1763, -88.1642, -88.1710, -88.1748, -88.1770,
        -88.1903, -88.1773, -88.1614, -88.1786, -88.1614, -88.1590, -88.1577,
        -88.1380, -88.1190, -88.1788, -88.1449, -88.1524, -88.1675, -88.1703,
        -88.1623, -88.1889, -88.2010, -88.1827, -88.1624, -88.1988, -88.1372,
        -88.1430, -88.1842, -88.1651, -88.1727, -88.1673, -88.1710, -88.1715,
        -88.1782, -88.1594, -88.1729, -88.1320, -88.1804, -88.1453, -88.1830,
        -88.1497, -88.1892, -88.1354, -88.1955, -88.1349, -88.1266, -88.1645,
        -88.1496, -88.1965, -88.1620, -88.1655, -88.1876, -88.1352, -88.1499,
        -88.1800, -88.2103, -88.1643, -88.1868, -88.1772, -88.1897, -88.1406,
        -88.1728, -88.1652, -88.1720, -88.1595, -88.1924, -88.1799, -88.1801,
        -88.1833, -88.1685, -88.1337, -88.1621, -88.1670, -88.1776, -88.1820,
        -88.1290, -88.1777, -88.1667, -88.1888, -88.1701, -88.1796, -88.1418,
        -88.1579, -88.1038, -88.1385, -88.1759, -88.1833, -88.1728, -88.1659,
        -88.2039, -88.1731, -88.1736, -88.1812, -88.1931, -88.1457, -88.1737,
        -88.1636, -88.1620, -88.1972, -88.1484, -88.1726, -88.1885, -88.1469,
        -88.1448, -88.1414, -88.1340, -88.1846, -88.1688, -88.2009, -88.1801,
        -88.1581, -88.1632, -88.1534, -88.1740, -88.1865, -88.1337, -88.1875,
        -88.1786, -88.1722, -88.1291, -88.1664, -88.1642, -88.1572, -88.1639,
        -88.1400, -88.1750, -88.1705, -88.1788, -88.1920, -88.1783, -88.1638,
        -88.1748, -88.1832, -88.1280, -88.1634, -88.1626, -88.1689, -88.1560,
        -88.1842, -88.1697, -88.1782, -88.1614, -88.1587, -88.2125, -88.2025,
        -88.1895, -88.1659, -88.1969, -88.1631, -88.1734, -88.1644, -88.1242,
        -88.1826, -88.1701, -88.1365, -88.1731, -88.1345, -88.1723, -88.1799,
        -88.1563, -88.1631, -88.1596, -88.1437, -88.1336, -88.1409, -88.1546,
        -88.1895, -88.1578, -88.1927, -88.1421, -88.1750, -88.1566, -88.1285,
        -88.1661, -88.1618, -88.1331, -88.1743, -88.1189, -88.1807, -88.1622,
        -88.1607, -88.1642, -88.1764, -88.1035, -88.1317, -88.1653, -88.1459,
        -88.1959, -88.1614, -88.1633, -88.1790, -88.1976, -88.1759, -88.1246,
        -88.0953, -88.1719, -88.1198, -88.1360, -88.1291, -88.1678, -88.1699,
        -88.1810, -88.1330, -88.1346, -88.1161, -88.1297, -88.1849, -88.1361,
        -88.2591, -88.1687, -88.1639, -88.1677, -88.1945, -88.1765, -88.1723,
        -88.1785, -88.1694, -88.1531, -88.1242, -88.1836, -88.1948, -88.1102,
        -88.1784, -88.1705, -88.1723, -88.1772, -88.1836, -88.1636, -88.1942,
        -88.1636, -88.1361, -88.1519, -88.1805, -88.1594, -88.1636, -88.2114,
        -88.1666, -88.1446]), 'elec_energy_Si64': -88.2635544138, 'alpha': {14: Parameter containing:
tensor([1.1256], requires_grad=True)}, 'Z': {14: Parameter containing:
tensor([13.7434], requires_grad=True)}, 'repulsive_feed': PairwiseRepulsiveEnergyFeed(
  (repulsive_feeds): ModuleDict(
    ((14, 14)): PTBPRepulsive()
  )
)}, tensor([0.1009, 0.1555, 0.1285, 0.1556, 0.0544, 0.1464, 0.1060, 0.1357, 0.1237,
        0.1507, 0.1346, 0.1299, 0.1430, 0.1335, 0.1601, 0.1175, 0.1368, 0.1590,
        0.1576, 0.1345, 0.1441, 0.1277, 0.1466, 0.1145, 0.1443, 0.1413, 0.1338,
        0.1677, 0.1651, 0.1420, 0.1443, 0.1561, 0.1572, 0.1133, 0.1543, 0.1034,
        0.1103, 0.1451, 0.1607, 0.1406, 0.1533, 0.1273, 0.1198, 0.1203, 0.1430,
        0.1578, 0.1402, 0.1355, 0.1366, 0.1250, 0.1383, 0.1222, 0.1478, 0.1652,
        0.1499, 0.1742, 0.1401, 0.1550, 0.1464, 0.1201, 0.1233, 0.1265, 0.1209,
        0.1651, 0.1426, 0.1667, 0.1242, 0.1337, 0.1336, 0.0914, 0.1462, 0.1631,
        0.1612, 0.1530, 0.1216, 0.1431, 0.1480, 0.1457, 0.1410, 0.1167, 0.1227,
        0.1716, 0.1791, 0.1308, 0.1489, 0.1563, 0.1386, 0.1705, 0.1361, 0.1308,
        0.1420, 0.1530, 0.1841, 0.1571, 0.1079, 0.1307, 0.1310, 0.1576, 0.0902,
        0.1460, 0.1351, 0.1317, 0.1477, 0.1154, 0.1500, 0.1689, 0.1464, 0.1475,
        0.1752, 0.1692, 0.1716, 0.1495, 0.1668, 0.1499, 0.1658, 0.1415, 0.1262,
        0.1389, 0.1399, 0.1362, 0.1742, 0.1324, 0.1240, 0.1227, 0.1266, 0.1247,
        0.1532, 0.1132, 0.1486, 0.1492, 0.1413, 0.1421, 0.1579, 0.1419, 0.1454,
        0.1468, 0.1240, 0.1444, 0.1485, 0.1672, 0.1356, 0.1563, 0.1301, 0.1317,
        0.1202, 0.1202, 0.1661, 0.1077, 0.1392, 0.1289, 0.1452, 0.1365, 0.1534,
        0.1562, 0.1560, 0.1643, 0.1089, 0.1389, 0.1230, 0.1398, 0.1200, 0.1766,
        0.1570, 0.1321, 0.1754, 0.1383, 0.1275, 0.1407, 0.1600, 0.1534, 0.1635,
        0.1528, 0.1454, 0.1210, 0.1470, 0.1426, 0.1408, 0.1145, 0.1145, 0.1424,
        0.1434, 0.0988, 0.1411, 0.1698, 0.1503, 0.1213, 0.1393, 0.1249, 0.1469,
        0.1528, 0.1166, 0.1423, 0.1614, 0.1621, 0.1381, 0.1536, 0.1315, 0.1182,
        0.1368, 0.1499]), tensor([0.1110, 0.1527, 0.1342, 0.1524, 0.0390, 0.1819, 0.1060, 0.1307, 0.1273,
        0.1292, 0.1326, 0.1358, 0.1350, 0.1147, 0.1436, 0.1217, 0.1318, 0.1595,
        0.1559, 0.1842, 0.1447, 0.1222, 0.1874, 0.1246, 0.1385, 0.1270, 0.1286,
        0.1611, 0.1752, 0.1707, 0.1877, 0.1680, 0.1523, 0.1284, 0.1513, 0.1507,
        0.1090, 0.1319, 0.1436, 0.1492, 0.1659, 0.1163, 0.1060, 0.1177, 0.1341,
        0.1708, 0.1260, 0.1345, 0.1656, 0.1142, 0.1337, 0.1752, 0.1648, 0.1579,
        0.1755, 0.1763, 0.1333, 0.1826, 0.1384, 0.1188, 0.1351, 0.1286, 0.1314,
        0.1592, 0.1595, 0.1426, 0.1350, 0.1412, 0.1220, 0.1569, 0.1408, 0.1738,
        0.2678, 0.1508, 0.1175, 0.1438, 0.1358, 0.1472, 0.1419, 0.1465, 0.1356,
        0.2006, 0.1786, 0.1287, 0.1385, 0.1905, 0.1661, 0.1799, 0.1536, 0.1574,
        0.1445, 0.1397, 0.2074, 0.1593, 0.1115, 0.1262, 0.1753, 0.1386, 0.1275,
        0.1368, 0.1498, 0.1337, 0.1249, 0.1470, 0.1592, 0.1878, 0.1796, 0.1566,
        0.1591, 0.1713, 0.1630, 0.1318, 0.1700, 0.1715, 0.1588, 0.1275, 0.1249,
        0.1527, 0.1372, 0.1209, 0.1775, 0.1425, 0.1100, 0.1171, 0.1790, 0.1305,
        0.1360, 0.1166, 0.1311, 0.1712, 0.1415, 0.1481, 0.1541, 0.1191, 0.1472,
        0.1403, 0.1135, 0.1641, 0.1682, 0.1720, 0.1451, 0.1470, 0.1268, 0.1318,
        0.1428, 0.1125, 0.1708, 0.0999, 0.1292, 0.1285, 0.1487, 0.1272, 0.1530,
        0.1633, 0.1455, 0.1761, 0.1151, 0.1806, 0.1313, 0.1332, 0.1233, 0.1812,
        0.1448, 0.1466, 0.1817, 0.1345, 0.1502, 0.1339, 0.1394, 0.1378, 0.1567,
        0.1404, 0.1801, 0.1268, 0.1670, 0.1788, 0.1526, 0.1094, 0.1311, 0.1430,
        0.1401, 0.1193, 0.1335, 0.1595, 0.1355, 0.1107, 0.1497, 0.1509, 0.1528,
        0.1705, 0.1551, 0.1487, 0.1449, 0.1725, 0.1493, 0.1593, 0.1509, 0.1295,
        0.1411, 0.1258], grad_fn=<SubBackward0>), [0.1631089156819634, 0.12484103262000623, 0.11276480474560202, 0.16481628121494651, 0.15165278157750528, 0.08568422051439484, 0.12411043951107992, 0.13078722951417632, 0.13551459684089195, 0.15344175486550604, 0.08106358057599117, 0.13129639655049452, 0.14008014660187662, 0.13684702114293223, 0.15019459300205718, 0.1311508820876064, 0.1551915294864905, 0.13231888770672562, 0.13992814698568523, 0.13457614550997832, 0.17231689148341545, 0.14206234489832603, 0.14147630011254897, 0.12976167860918686, 0.1410947594379124, 0.1715152053362079, 0.12475962845624444, 0.15575272621648573, 0.15829195386952932, 0.14055023063967909, 0.12283195733756358, 0.14745517781353534, 0.09997514312437872, 0.11929337480053626, 0.1438798746164487, 0.13822394703952057, 0.18938257147481785, 0.14858510966246463, 0.14576886560108626, 0.1487093547187932, 0.1241320742059262, 0.14231094636143915, 0.14198364879229075, 0.1436395042670462, 0.15407087316707546, 0.14927779768060034, 0.10154040195933334, 0.15163868233165445, 0.13391048625254598, 0.09999667198117024, 0.13277540913068897, 0.13950931897640118, 0.12409382220151421, 0.1457178314466141, 0.160624680085645, 0.12841947531188502, 0.13802635510883476, 0.1352432666555412, 0.145551069626757, 0.14836432192562654, 0.14747712781758615, 0.13786244540405512, 0.16041156818022273, 0.10340982466364323, 0.13376264702738716, 0.11964853938247799, 0.1550052247433431, 0.10586512457681074, 0.10909391104300425, 0.14366512258867203, 0.16262135173607284, 0.08039493837588374, 0.13542325823223145, 0.14600123011014077, 0.148805355714261, 0.14186289381931338, 0.1354017223930679, 0.15429419807727918, 0.16492243898872516, 0.1996231519384839, 0.11277445916064899, 0.15114403826089706, 0.12153304180461788, 0.11628812492065599, 0.13694224783013098, 0.13052480993754578, 0.13886578942721606, 0.16870608954130972, 0.13729486384641731, 0.12240898253449828, 0.1341304309598801, 0.16509141311791709, 0.15776968680149217, 0.12546336773125333, 0.13467900429689728, 0.17511934572825538, 0.13381312994199135, 0.14407963696224257, 0.12227118359229472, 0.13098889363751454, 0.1723992312849809, 0.12809690885077885, 0.1359197103697518, 0.1550063419228085, 0.13694565228755629, 0.14486678470917091, 0.15768697509676421, 0.11346594988579106, 0.14329850177230163, 0.15011786776229563, 0.12607713914740337, 0.11574494785445388, 0.12824906391661095, 0.12982397496165632, 0.11948406998548577, 0.1757766834686425, 0.14214431316421994, 0.1533642343703594, 0.12884580679825497, 0.11603420656527064, 0.12600121136798492, 0.13591411087517535, 0.1383423199212821, 0.14543032898601638, 0.13764259146755187, 0.14169109035962535, 0.13141973132605678, 0.13994622067098383, 0.11097210029868165, 0.15692622071471618, 0.13840595394916555, 0.1550335334830173, 0.13312056981150633, 0.1172796518310193, 0.1535382762314068, 0.10951366844270716, 0.1361733828721583, 0.11981105334790954, 0.14123388539822201, 0.15252785061340823, 0.15615022197786388, 0.12574530340416779, 0.1447857502436154, 0.12654202104269885, 0.1321391074386522, 0.12660625481955812, 0.16193410813036735, 0.17547759027108611, 0.1774152083294389, 0.1404019402246881, 0.1248709634748657, 0.14921038435218215, 0.15983350498024151, 0.1337350758466549, 0.1184736862617175, 0.13092715513979059, 0.10805796595906436, 0.1341571146444256, 0.16789951499895217, 0.12312336478138342, 0.11040723672108754, 0.15514573284575128, 0.14343751821962591, 0.15219190372323865, 0.13758934647371568, 0.13218652398961872, 0.11176152907618508, 0.1594922018760201, 0.10833881532194667, 0.1321249115420784, 0.1465332809508464, 0.15729307893172262, 0.1348125267202036, 0.13744282324186763, 0.14252229062435262, 0.1338530466908079, 0.12318798773359063, 0.11272890139052016, 0.13208999600883864, 0.13484047641897767, 0.15322181677304947, 0.11810261069222783, 0.1500847676456889, 0.14547406950204866, 0.12598608020110014, 0.12652029190208935, 0.16101919290435163, 0.12807877599906625, 0.16741119475195987, 0.1413183603355428, 0.11310366585720821, 0.13257668164587422, 0.14167210933350383, 0.14803262472734602, 0.14065500709822487, 0.11724487006532058, 0.14114949167691115, 0.1555023144816463, 0.12199719532829967, 0.12304012756131577, 0.134692718409827, 0.11354206876169748, 0.1535252338961275, 0.13605346027138054, 0.15361471225398304, 0.15338617040966795, 0.15002783853206658, 0.17309493017527267, 0.15102009785646864, 0.1268905608239077, 0.12868546435040784, 0.16000735096738694, 0.13776993963684525, 0.1573902930223916, 0.141521955635886, 0.13084987167779083, 0.16388673828779154, 0.15601520422453952, 0.1311204661416614, 0.11185638092027261, 0.12827957651327893, 0.13042656686579157, 0.16962271618336722, 0.12946045027587516, 0.11254299794999412, 0.14984969360893885, 0.10383444363148797, 0.13840154439771268, 0.13292691263099954, 0.13756751259752953, 0.18383858822030952, 0.1340283262691031, 0.1367673761693382, 0.1440741789525628, 0.13534742122364385, 0.15579578135761452, 0.13932789748349705, 0.110549969627602, 0.1547010880684887, 0.13493919061707516, 0.09135146982322873, 0.13486933125361666, 0.11523126469364264, 0.11311529407847587, 0.14843388986694173, 0.17028342604177205, 0.15707449321441302, 0.1105284293785207, 0.12753193576019584, 0.1559506646933002, 0.10907341851716446, 0.1451299469896501, 0.14655932703460905, 0.16542444468417195, 0.1373462489569377, 0.1380518069560175, 0.1290924381300762, 0.15024755842540927, 0.13055291067604458, 0.14133991748931507, 0.1334588583686358, 0.1313315219223785, 0.1361858816849253, 0.14001678745893997, 0.1444605205589582, 0.14446987656949162, 0.11793207140930306, 0.13641531947777352, 0.12344135521660071, 0.11914670530637572, 0.14192203377229973, 0.15399685818999842, 0.17610997558760744, 0.13335924123963672, 0.1289696020428508, 0.10187601369566401, 0.12985473120634516, 0.14498938376325476, 0.12645847733326399, 0.136432435843167, 0.16207918821624112, 0.1410405313996428, 0.16174249531478146, 0.14898081499675264, 0.14091304064296928, 0.11726119926018441, 0.1356692166839224, 0.14237679968103123, 0.11807263720815087, 0.14493229148263254, 0.1149859842669887, 0.13349493334306395, 0.1582674251653753, 0.16261610981242036, 0.16774326458839184, 0.14124169536467512, 0.1247157556426437, 0.17205551522010865, 0.11166860840910253, 0.1589919715404413, 0.16874676406119704, 0.13218578459320973, 0.13771798968920557, 0.13719969559064538, 0.14414147468314198, 0.1722350525751466, 0.1526937076648931, 0.11152400165452647, 0.11690255525219762, 0.1608900708451646, 0.14758650409721064, 0.14914186376661576, 0.09669996467838793, 0.12904477793108882, 0.1751887817394966, 0.12287375344683404, 0.16906240474460255, 0.11809104494481026, 0.1535375570471249, 0.1337571636606718, 0.13718157266124997, 0.1224169747775985, 0.1695261033116484, 0.15655787598752902, 0.16050237024874647, 0.17767649418940756, 0.1486017949582834, 0.14160407824893895, 0.15470546748549374, 0.13295105326228374, 0.1691859894155705, 0.12204539757982502, 0.1166048963807782, 0.13467804954944462, 0.11273545893998893, 0.15188794050519583, 0.11631247134815936, 0.14572581156243558, 0.12787670248825478, 0.15848850910176893, 0.14902109556387977, 0.1422933827567654, 0.15427607597474413, 0.14115098663943293, 0.1317523571797672, 0.15872161998960443, 0.10676579539714304, 0.13668999164669593, 0.1414070570352628, 0.14757910057828916, 0.13395730636197456, 0.12717169940397532, 0.15113060564779346, 0.1660105140919974, 0.09407490052555012, 0.13443432325172466, 0.1788206528043439, 0.13183309691574152, 0.14131540127993247, 0.1413335091421022, 0.11437928195090663, 0.1360370550054153, 0.12399412606146498, 0.11717731745696192, 0.11100106685126576, 0.1456655055533833, 0.14375284138886713, 0.1576193556046377, 0.11973854509313853, 0.12290602523366623, 0.1136366729153373, 0.1414322126828953, 0.1444508415218646, 0.14137691597426638, 0.14843256578877906, 0.11276501237928649, 0.16497671480111542, 0.14292051622731705, 0.17846008533670954, 0.11250983572702822, 0.12296367573652667, 0.12559350774673028, 0.16052552599813374, 0.1578638613555281, 0.1606842985148358, 0.1663863295893684, 0.16974559857474425, 0.1345411836725905, 0.11523587122147383, 0.12648019912401054, 0.0638969884093914, 0.12673274966953585, 0.15321628342725546, 0.1433773867698651, 0.09990554100619242, 0.1232217283909236, 0.13996907875084474, 0.10823425173386347, 0.10137673627007082, 0.13681116445949293, 0.11582439254423171, 0.16115563726645377, 0.1671934252371461, 0.12280784647322918, 0.14727780425872972, 0.13903304185055276, 0.12981765775277054, 0.1504067387677388, 0.1517678268079301, 0.1704950462921122, 0.13028171278826228, 0.1281900845581756, 0.15686157902035447, 0.13511727931373585, 0.1392182077321351, 0.1613392703337091, 0.11775112655513631, 0.07445743049200537, 0.14437029104491117, 0.137045821758905, 0.13898976988840772, 0.13507365235311752, 0.13950041792250545, 0.15896065817599236, 0.12787209008053146, 0.15679969021789297, 0.12633715458322214, 0.15797251073351326, 0.13035114402209125, 0.12146447895732848, 0.1321194634547158, 0.12480072302090939, 0.16731307258548256, 0.11591506341766511, 0.13474549374729428, 0.1399996714610392, 0.16988342213899443, 0.11952968949448284, 0.1483635281402158, 0.14769013572242073, 0.09041963594318325, 0.1416292493312863, 0.12601413463544908, 0.14183903358537364, 0.13783605791906695, 0.10197264530953909, 0.12059822939182041, 0.1225078411574394, 0.1337541167741758, 0.15776276102378972, 0.11186360400000872, 0.1406598036200606, 0.12903322504593717, 0.17425005515614345, 0.15397230596627764, 0.1363169176489354, 0.16937054305340382, 0.15261971032749244, 0.11031534099266338, 0.1754303523218379, 0.16505785877965806, 0.13797165410675838, 0.0, 0.14898310484716326, 0.1356532274203115, 0.12894506157891428, 0.14079822583080848, 0.15360654802404383, 0.13572104094887116, 0.145060361776153, 0.1070289675999394, 0.15431606870278713, 0.12046235537923522, 0.15590541231005695, 0.1418746175888259, 0.15096645890987226, 0.14070673581493054, 0.1511450150579421, 0.15632606014589356, 0.13833248175961188, 0.1372537435572223, 0.14326263920896842, 0.14258572988081397, 0.12177644103334728, 0.12140612102996862, 0.11962512602032405, 0.1256143357939017, 0.12961116513567994, 0.16104581301256538, 0.11960111327668699, 0.1265882693326379, 0.0970592198276421, 0.1314628959801727, 0.13648570141662653, 0.1411549331493962, 0.1497620589646953, 0.16145508399251085, 0.13110277832427109, 0.12862910044139753, 0.16518415738824288, 0.1215336672781202, 0.13617136386426765, 0.1651409728894908, 0.12392457061492124, 0.19128100483090194, 0.1290809484537636, 0.14969676827726275, 0.15565657344630957, 0.1413095691621269, 0.11938651780103271, 0.11442723393953003, 0.13204768577651826, 0.14516359356871433, 0.15495839985650228, 0.12757098853239235, 0.16053772824385248, 0.17739988459609712, 0.15768323364803472, 0.1259311579680933, 0.14426965595962216, 0.15157777253119775, 0.1351867461944103, 0.1082752996268912, 0.10577105181840452, 0.13753916233111774, 0.09983801375486756, 0.13362686305064742, 0.1393892688554672, 0.13651549850394318, 0.11031076864170686, 0.11229250132421598, 0.1552297267344116, 0.1372841414959982, 0.17302556950014747, 0.14261895090270116, 0.13685871882042555, 0.12141554686421863, 0.12324050178336243, 0.13286023833149585, 0.14567577662209708, 0.11698943065539424, 0.11655992880479715, 0.1491995469763765, 0.16546189334835226, 0.1496953332161386, 0.15021705823163956, 0.14087046875545717, 0.10945722625763565, 0.13143241719288312, 0.1255336570618084, 0.17668123832508442, 0.12480541149973412, 0.17009762439687748, 0.11450175495480508, 0.11869229219116129, 0.15073556694625445, 0.12562162465492932, 0.15896579205662853, 0.15471718537511414, 0.12984908540761708, 0.13332178963551122, 0.14924435359031385, 0.12162129751244422, 0.15414821616298013, 0.13393700346265014, 0.13051205534948096, 0.1272392700195013, 0.14240249848367803, 0.1303313607582144, 0.16285917425480534, 0.14928833077199855, 0.14437896278302276, 0.1536569710372504, 0.14375696686803963, 0.15818712274636404, 0.10193279470950856, 0.1547246260108519, 0.16914861314755925, 0.13607566568323648, 0.11659810841304363, 0.12253778524205572, 0.13978451114826562, 0.14238856644725217, 0.11647172858845067, 0.1482499396530148, 0.12155417523867484, 0.12887317181527536, 0.1577764663168839, 0.1596043314150375, 0.14089766141814764, 0.117107904965291, 0.1478451326135204, 0.14950696463092505, 0.15598786162460776, 0.13442684402919802, 0.1283409780196969, 0.1615096978986852, 0.13323495392158335, 0.13747381284476745, 0.1364420417491079, 0.13787944049667722, 0.12042179735470704, 0.14214346131487687, 0.12109290359702207, 0.13040485940728175, 0.14073734947223926, 0.16945892591389544, 0.1273962532115931, 0.14593145784258077, 0.12552048867634902, 0.12577322701092264, 0.1461874800967955, 0.14277187072197606, 0.11493920200936536, 0.15429535825345475, 0.12485275197959744, 0.14567022967905174, 0.09445065906146688, 0.15957720012372079, 0.14083479618613381, 0.13396141015904384, 0.12963374098072755, 0.11946785655099568, 0.1559425923366753, 0.11592183080577811, 0.15366416912744718, 0.1564767044469928, 0.12616167729356143, 0.14004080167254962, 0.13425999768589492, 0.14914315660785427, 0.14618286732158126, 0.16177885656644975, 0.17773093978367704, 0.12067065202066374, 0.14253425069202308, 0.13800187675125386, 0.14603559477100525, 0.1502914789212575, 0.15188631471507819, 0.1076669395487766, 0.14449598586209333, 0.13192858231818327, 0.1396477220775001, 0.13296669744973677, 0.16243104352150795, 0.1481360505563405, 0.08467854915651074, 0.12749454479245692, 0.15692228559704624, 0.14157231250030478, 0.1296829042270886, 0.13211698287530993, 0.15443400867750867, 0.13168797089321238, 0.12354273080078038, 0.12191004614263612, 0.1428638123870538, 0.11792974223711461, 0.1429250687336392, 0.1187346336604076, 0.15735533191999096, 0.1379550459845209, 0.12307365397008674, 0.12768957529522318, 0.13981843261227667, 0.14585118776297357, 0.1310739477441878, 0.11894658024475113, 0.13410928062113214, 0.12414382186249995, 0.11837073192655723, 0.15742220503333826, 0.14814797571215088, 0.14172766806481363, 0.12772488220876888, 0.1369611435978193, 0.1371865613820571, 0.1174792164654459, 0.12644235136216686, 0.13170590088865275, 0.13934643531276336, 0.16048904861860436, 0.11711362389517532, 0.1186543286689421, 0.18094555828278303, 0.15960500503015673, 0.1318425341422813, 0.15142136005611917, 0.1457446896904493, 0.13615294142787882, 0.10610636992763034, 0.17191103598569235, 0.1488411106020724, 0.13656922601641064, 0.12643426210085096, 0.1190369189042908, 0.12488936643411108, 0.1678576420835931, 0.148622767430302, 0.14214088004232295, 0.1425790444436945, 0.13749650371519984, 0.14864809763722242, 0.15170961330541743, 0.10312577222963348, 0.13014915540221672, 0.12193351499626992, 0.16658165555670124, 0.10948087555045127, 0.14259776565209314, 0.13409786995586437, 0.15515538101341342, 0.10826223413953784, 0.1273516751784527, 0.14802384898864673, 0.14508719613292698, 0.14428603256111394, 0.09899970690576154, 0.14489641715951507, 0.11986534937242865, 0.09066815472031564, 0.14390044946077651, 0.13635895630374684, 0.13559866312572133, 0.18869133064508326, 0.15721531001114641, 0.15542476495453528, 0.1362550531010278, 0.17262001718435194, 0.11956587471688529, 0.13153650303974906, 0.14363836209804148, 0.15875283670332863, 0.18041854687695036, 0.1500025645516132, 0.17688583504451927, 0.11810096101504897, 0.14940586135923972, 0.1476837729443723, 0.14563384711277827, 0.1572699783063225, 0.15197299093693672, 0.1305419615822938, 0.1384809732852812, 0.1358852082664157, 0.15748795398484816, 0.13441942176812027, 0.16912805043051016, 0.13539229582383072, 0.1216817586036445, 0.13338311396834612, 0.14088821059435652, 0.103776016247906, 0.12632352095131338, 0.16217617519608396, 0.19268562722341365, 0.12544821818970675, 0.1386609450173335, 0.1521059080988696, 0.1551758830940777, 0.1387461251741886, 0.15413001018011308, 0.11718301066231973, 0.15642630348338216, 0.15597035057146869, 0.13953820247551008, 0.1415617327372658, 0.14496051937379306, 0.15841731757529587, 0.016391826369584805, 0.14104680818427262, 0.1293726149803227, 0.140001043680817, 0.11401986877955395, 0.1365239541560257, 0.07560739403024641, 0.15120346706357424, 0.13618278004193485, 0.1417517142503364, 0.1541256943394398, 0.14394652098646432, 0.11911905842203652, 0.17050386686498875, 0.14567482591707126, 0.1060229790953855, 0.13698123886346103, 0.12805195229959843, 0.14371376803705083, 0.15913358285757262, 0.11544685717847258, 0.15720118099834401, 0.1657616469312675, 0.1594223950640945, 0.13877832382986632, 0.15402841814241341, 0.1685907363515433, 0.12219237025591134, 0.13157436145889534, 0.16748716993800983], [0.164244383603517, 0.10968650570539751, 0.131793180925456, 0.1498659707566361, 0.14864966919880374, 0.09096083778089792, 0.1456678924883903, 0.1387961416869814, 0.1476805447976659, 0.14401319964989057, 0.12886396360534036, 0.15135589266608918, 0.14594719922915544, 0.17771738966628448, 0.1283847553317372, 0.123680038245368, 0.13992597629336956, 0.14442679336775655, 0.14969590965560542, 0.1549134408065953, 0.18323155066008212, 0.1282931252231947, 0.14739277800455852, 0.13053988205086853, 0.11159979306209777, 0.17808120041122777, 0.13687707664566062, 0.17805623269268267, 0.17552418023012706, 0.312607647801201, 0.11608412865314222, 0.1413377488794083, 0.13599142015095822, 0.11155737800710597, 0.13129612982804417, 0.1636193574410072, 0.18672282891671443, 0.14112768316456936, 0.1364434974440627, 0.12121148872218157, 0.12945391008541662, 0.16591658592084002, 0.15825573646350222, 0.14290909897805193, 0.16818749064559313, 0.15773175695278496, 0.10912429355566644, 0.14860285599262113, 0.1784555134289576, 0.09898498613551965, 0.1278344194986829, 0.14709162870650516, 0.12437040613833972, 0.18194074577095876, 0.16079288958636084, 0.17404015746652135, 0.16481792939889317, 0.1469251713033799, 0.13058495193827468, 0.1613080900332733, 0.1427977833299252, 0.14026048039319505, 0.1549695469232688, 0.1294642596751885, 0.1366649432624456, 0.12086241368454864, 0.17542847034448528, 0.10733449420020236, 0.1063476652642521, 0.14527699244280257, 0.16888486270778458, 0.09713714700838239, 0.12848827493810688, 0.15933165849121167, 0.1659446983651094, 0.14163399673644506, 0.12776458353796727, 0.16998360520869937, 0.175556439637802, 0.09902143692647769, 0.15824102807225415, 0.13998592975578106, 0.12176418816146395, 0.11658926955374227, 0.13630430234948676, 0.13877115878770496, 0.13640168291033206, 0.15500674407869042, 0.14919780478429345, 0.12192425152991859, 0.12478916030573828, 0.1582970959127863, 0.17017688879614923, 0.1247294347591037, 0.1399331483500248, 0.16292976299726547, 0.12758576713423508, 0.13557408932193482, 0.14081259531290868, 0.1600918341354145, 0.16027163375898112, 0.11545390790996635, 0.13089125224570353, 0.14918573131447488, 0.1280121393201057, 0.14388093580654981, 0.16673024085264387, 0.11816438668100204, 0.14318225726989908, 0.16196683478204932, 0.127287031604979, 0.12020980092022171, 0.12804914323494643, 0.14008819572202924, 0.12687763028459642, 0.17630184070821997, 0.1509991821003922, 0.1674461833214309, 0.13818101828604767, 0.11921938641296492, 0.13101313717008622, 0.1508440084251106, 0.13427973907965907, 0.13534601091852494, 0.1393217376244138, 0.1323907721692592, 0.12880337357900373, 0.14939175023164353, 0.1136301248176892, 0.15790272083151535, 0.12018458784929464, 0.13576253153671303, 0.12487507405857912, 0.11665857519211897, 0.14894953276242973, 0.11732422047971625, 0.13506068970838214, 0.12607609520736673, 0.12852180473399244, 0.14854828799585107, 0.15884983221329207, 0.12327313430074582, 0.12409559027189232, 0.1296677203728649, 0.15875565413440995, 0.12396344086067757, 0.1588087672701164, 0.19297462035980573, 0.17113815792416176, 0.13800625690647905, 0.11722084427934476, 0.18797413141417962, 0.17515534253155352, 0.14241391945907367, 0.10531707070249752, 0.11821712021530573, 0.11990485759730518, 0.12884914510466672, 0.15164248984068252, 0.13500263656084144, 0.11674540980790482, 0.17357876756146595, 0.13019981387002133, 0.14213596957989694, 0.1250338727205076, 0.14498243578233883, 0.11443027365523051, 0.15100734702970442, 0.16996974196899828, 0.12668858065879363, 0.15136466569549611, 0.1528100170654625, 0.1671624044139719, 0.12719262587687297, 0.14788820663136448, 0.13124367150960836, 0.11931238744665507, 0.10833706909755847, 0.1564965123215103, 0.14423804261436146, 0.1560545125879571, 0.14028480361504592, 0.14514357393225907, 0.13044894261696527, 0.12692157978932528, 0.11694149488805294, 0.1815718499664598, 0.14328374410409594, 0.15823695934138016, 0.13344850331328928, 0.12424418544453886, 0.13350054350559049, 0.14561325475908404, 0.14460819917164258, 0.12791089990639648, 0.12663372808880524, 0.13359855768771922, 0.14890156305295932, 0.11990455141179268, 0.10775422565592407, 0.1716528969816835, 0.13366025478217125, 0.15690978011727452, 0.1203606950418532, 0.16582993159958903, 0.14965439240306466, 0.14802826498770116, 0.16366545953864886, 0.13592502024420128, 0.15192616586364238, 0.1343083755083967, 0.15014176390535283, 0.12442889462853657, 0.14693524396170687, 0.12715833641955498, 0.13821876406532851, 0.14721936160873383, 0.1456024708125483, 0.12134950816846413, 0.11279089330450631, 0.12456857556230716, 0.1727601263928591, 0.16355786459685362, 0.16142219686869907, 0.1327262340209785, 0.1207627262415798, 0.10063206878227504, 0.11886682942761695, 0.16288513783436542, 0.1462419853548056, 0.17588770828059808, 0.13424953679934504, 0.11839776231950339, 0.14480391278883076, 0.14464943467410762, 0.13751929526721085, 0.13252245032263943, 0.11985133486341226, 0.1662304293232495, 0.15110162835139818, 0.07041951576694316, 0.13723839866118226, 0.12246329424355906, 0.14073697111787453, 0.14667415559330266, 0.16825517048896188, 0.1602202694629682, 0.11263941090632557, 0.13582783846142377, 0.16346549016172673, 0.12290275156780694, 0.14056380352747055, 0.12747098437222348, 0.18536275696438054, 0.15075992428474194, 0.1295210505263782, 0.13948598016118297, 0.22586789502847182, 0.12627310325548535, 0.13982181725938858, 0.13142706621405864, 0.13004948899197188, 0.12028279161256705, 0.13173355138553688, 0.15401414062107222, 0.1327895330883706, 0.1086397679769675, 0.13596340909285232, 0.10908592274815021, 0.10967594056138807, 0.13306920334997585, 0.15143154973729622, 0.16854191224828696, 0.1380923805213996, 0.1535393649159147, 0.141814818267207, 0.1140353894496684, 0.13447719826147875, 0.12788811029987812, 0.15814551341674132, 0.1724108107142115, 0.14177679365045037, 0.1539896347837839, 0.14438575646784102, 0.12047027827701129, 0.11441696481331576, 0.11192417106238395, 0.12671208331576622, 0.13351619294189732, 0.18273316279065455, 0.12679075401990758, 0.13168431291036597, 0.15445449104672093, 0.1551372320322031, 0.15744827754086543, 0.1433798690608512, 0.1200429210489915, 0.17774801030466847, 0.11414432483084624, 0.1445642391850015, 0.17770663760029493, 0.14230450813052187, 0.13256661980818762, 0.14044202741693823, 0.16630953201173782, 0.18936112273252093, 0.14388660182574142, 0.12220123551327333, 0.1417572841286301, 0.1477436546949633, 0.13322280985008206, 0.15432773415564327, 0.10864482699118128, 0.14290695402786469, 0.20114746229492653, 0.13478491737629383, 0.16460312621866535, 0.1320556544877718, 0.1350087236376396, 0.17459379709372058, 0.12437246702769755, 0.13327187396581053, 0.16497263988894417, 0.17373197932029427, 0.14999853500401628, 0.18014879013573193, 0.14446373053242212, 0.12647449612947526, 0.14252440675437583, 0.1476842372564704, 0.15765100635076124, 0.11525487140058033, 0.12515240810220973, 0.1756883247116292, 0.1061910424502912, 0.14278502710158136, 0.10565755786521436, 0.15655677252932776, 0.11581117809575403, 0.15927798195373555, 0.1458944829170008, 0.12943259423369113, 0.20782647064385174, 0.13279265964044384, 0.1251431239975176, 0.15450959486356908, 0.10571288846134053, 0.1251548197562471, 0.13621930797371817, 0.14105540616432677, 0.1338805546547519, 0.12228677192483417, 0.1717828589171404, 0.1962720970367542, 0.09717607801184158, 0.12490646820616291, 0.17820808172706393, 0.13720059347969027, 0.16832588691205785, 0.12700360455583848, 0.11642176829862194, 0.14411034581999616, 0.13409631278329925, 0.15034689495639952, 0.12796320111934278, 0.18606557940566404, 0.12536751978261407, 0.1572300108961997, 0.13966389946990887, 0.12698984851336093, 0.1066248581774687, 0.15088152426648094, 0.16655041767651824, 0.1464753148648157, 0.138886047754454, 0.10840364437403593, 0.1836013584075573, 0.15097264804863642, 0.17759870765014796, 0.11071894578581976, 0.12806477264275884, 0.14747349778544105, 0.13728031917450778, 0.15456495189060604, 0.1579205461088833, 0.16806656229867656, 0.16636715227180332, 0.1246129576954047, 0.12477943361214727, 0.1212209888909257, 0.10967944589539513, 0.1275350650153655, 0.16287597292489409, 0.11564740926058903, 0.11477801304508262, 0.11271462079942296, 0.13121587868322138, 0.12366965577884059, 0.0915079983471827, 0.15890226583181288, 0.13498467578577333, 0.1711080527878579, 0.14129380402933123, 0.1375638751516277, 0.15833157759284688, 0.15089237464893301, 0.12877626213662552, 0.18235071121847568, 0.14579180655179869, 0.1593127888324375, 0.15996825420941718, 0.13601657837514836, 0.14553917701068997, 0.15388984862653388, 0.1311208043526051, 0.1627444277810639, 0.11298971189658857, 0.12617144810450043, 0.13784109743609463, 0.15164232162719316, 0.162903767850068, 0.13762839740030586, 0.13787289022019422, 0.15602557185697208, 0.1162351299039841, 0.15529959376894453, 0.13285326383856955, 0.15582340654019333, 0.1135853701249232, 0.14824910477796038, 0.128602519101932, 0.11800385467519448, 0.17563991782992616, 0.1468766171805953, 0.17310424980587413, 0.1197794009583788, 0.18005626821411624, 0.12119159121820644, 0.14545303113055752, 0.13242149713248352, 0.1135061052779065, 0.13096580550296721, 0.13170567632344898, 0.13943775600706942, 0.13246604231649428, 0.11996868619245049, 0.10480595250059821, 0.1309150445228653, 0.11683432097306934, 0.16713289830639155, 0.10551038751209774, 0.13301781905332177, 0.12947086745309377, 0.2064609201092935, 0.1392754066646944, 0.13560567965940606, 0.14600294264940317, 0.13397808420404544, 0.10577808187387916, 0.16162237186424022, 0.16560748928631597, 0.13487925751529417, 0.0, 0.13989024258434313, 0.15562376346643703, 0.148959582767759, 0.13766447778941426, 0.18042335683584554, 0.13349656583802982, 0.13777450430764304, 0.09237989269558966, 0.17344755338001505, 0.12306156727535722, 0.14171448628322025, 0.14184487037870497, 0.14204779078954743, 0.17017561740912868, 0.16165334045082602, 0.1797770330937709, 0.1423425371421274, 0.13924181229694454, 0.16321112919960967, 0.14465745317198753, 0.11153074416444042, 0.12588165747433777, 0.12052337956863823, 0.11244884551804546, 0.13002587610985472, 0.16689143785346516, 0.1267591103070913, 0.1370943989084168, 0.1010319646131137, 0.13152152936767436, 0.1562371352310663, 0.1573672864495279, 0.15574222824889716, 0.1540928449599619, 0.1333539801172634, 0.12389382972152418, 0.1829778287900865, 0.14753264134400013, 0.16717354044963884, 0.15848264501572373, 0.1265903249148721, 0.18941595895921637, 0.11713195777613805, 0.14360073081736857, 0.14764544982938332, 0.1436316881932811, 0.11636151407522277, 0.11355259439142174, 0.11878056779849544, 0.14339285340118124, 0.16237952432103953, 0.12573337447871324, 0.15341691046953088, 0.17888806290271475, 0.13581390904597868, 0.12820189689490746, 0.13108448629769498, 0.1687281085356176, 0.1374657894025546, 0.10040537674923655, 0.0970483905832964, 0.12852761507835453, 0.11334165672623442, 0.12914915752935485, 0.125410712050936, 0.13875625923996893, 0.1088198040716577, 0.12144013847962754, 0.15842546420911674, 0.14008520472926023, 0.185148094037217, 0.13821473541722185, 0.1554354218159233, 0.14755367944066222, 0.12761449642671607, 0.16909651196138498, 0.1288330816798151, 0.11881492089004553, 0.1175420875870401, 0.1445460059844379, 0.1845898302139659, 0.1278389242557978, 0.15251633876452786, 0.13749844791090027, 0.12246692292792716, 0.13080291977942693, 0.11705179280599509, 0.16068889543588227, 0.11563250121881197, 0.1663319385375388, 0.1162960260651289, 0.1139406241164238, 0.13883662005974884, 0.14452910743148095, 0.13967713781948987, 0.1424182957908755, 0.13903819927820393, 0.1503522805119104, 0.15579690457025208, 0.12371965493336745, 0.14855074926670397, 0.13334067401666516, 0.12902419275296495, 0.12405126794492105, 0.12371261224950558, 0.1269408144831914, 0.15377472842472173, 0.1406712772947003, 0.1446952908295458, 0.15362317238904666, 0.14692541706266127, 0.16918787855126993, 0.15580461739037332, 0.1412410169028675, 0.17093198580199953, 0.14666791944138424, 0.12840506014826758, 0.12803855548330034, 0.14204681007662145, 0.1250956856804777, 0.10313166608173674, 0.13175219876816868, 0.13223769970453247, 0.11266776010315027, 0.17130038745369802, 0.16557193408927162, 0.12784124344366887, 0.12947434088872, 0.13957824275175312, 0.14466013353928986, 0.14538624426756996, 0.13236660195042305, 0.1254938506101695, 0.1570608913475695, 0.1328062615666994, 0.16319521502195755, 0.12898889221388288, 0.15560231341005704, 0.11754629046401988, 0.15297517929174376, 0.11373737558483299, 0.15668335001664957, 0.11924473924702284, 0.179389089500944, 0.16199399575253892, 0.1449944575833797, 0.14537217598434893, 0.11286614288729879, 0.14523122994813775, 0.14040710062002404, 0.11084289603545017, 0.17107223712474706, 0.1440383283958937, 0.13257961803816443, 0.08504502353892462, 0.1516674397597768, 0.12514672995582998, 0.13044177485251396, 0.11713927888094133, 0.14913246545538072, 0.14376988948751546, 0.12761021509595594, 0.14248109904542616, 0.15148024587055886, 0.11424475043334326, 0.12964538481067223, 0.12757947894168353, 0.13393058687366022, 0.140210252463433, 0.17410748576280355, 0.16155209854194652, 0.12883337056516098, 0.13294939351668233, 0.12699320372399825, 0.16972177589411785, 0.13638350277462052, 0.14687307192713206, 0.1078406610953806, 0.13817848319530412, 0.12564583034054522, 0.15821342343365075, 0.14330899989542445, 0.1975750557339353, 0.16466203312944572, 0.10575432907339177, 0.12112026639792361, 0.14352918588294017, 0.1416439736867261, 0.10750024859306961, 0.13211568736743118, 0.13835575772078812, 0.1238188406676386, 0.11235518093204178, 0.14473877313247385, 0.136077729150216, 0.12995703930913294, 0.14484540367635645, 0.10694572998839647, 0.1588614473707537, 0.1343913772284253, 0.11465253915156381, 0.14690155845364927, 0.15567236898193926, 0.16029411305562746, 0.15969798355185105, 0.1158433335795479, 0.13465786140855585, 0.1056486798325551, 0.11985336779289923, 0.15389066950093877, 0.14592954675822511, 0.14839266513263283, 0.12856597515798285, 0.12464898984413253, 0.16305495212691312, 0.11278374093616605, 0.12388862242687537, 0.1324942604114625, 0.1665268878639381, 0.15010467041223308, 0.13020507329443376, 0.13494811916781657, 0.1640536310048759, 0.16919065417931733, 0.129228481308985, 0.14518896430122652, 0.1342447477528026, 0.12007447406074334, 0.11427822822571443, 0.1602989615680599, 0.1380901458940258, 0.12270864980139606, 0.16155342117460236, 0.1319800019122397, 0.13680440199355814, 0.152013638617305, 0.15112062918325364, 0.12871452069290967, 0.1381238941164753, 0.13131082161257268, 0.14842902762778465, 0.15153022038606423, 0.08840312278351803, 0.10738610255296521, 0.11470039046081126, 0.15258766378798327, 0.1022363253605647, 0.14247495870229443, 0.13321173444369094, 0.1511144815711134, 0.1541338270985193, 0.12245973864257564, 0.14178310546235195, 0.1631028496101834, 0.137597696769717, 0.14186036351745202, 0.13793086270484878, 0.11884569081736629, 0.12220677346232378, 0.1439947937628574, 0.14300293020194488, 0.15439169298498712, 0.18971876760539885, 0.16627666865149138, 0.15633514583720398, 0.12405639067171137, 0.16334503167350078, 0.10928982599870096, 0.15125633460597498, 0.13724924091819446, 0.15660414688898072, 0.18738559896999618, 0.1457837676655913, 0.16412193840095313, 0.15211765198881722, 0.14100933060213094, 0.17762260855607792, 0.13639038572485163, 0.15200177382907043, 0.15182937696155818, 0.13747636134928598, 0.1335642337277676, 0.18393097441295936, 0.1726872297228681, 0.13771221902942443, 0.16879299593965413, 0.11714034827174657, 0.135339514405743, 0.13885034068228208, 0.13009830183273152, 0.09949055692030129, 0.1257862055491188, 0.1803152927465419, 0.21735499713170725, 0.12674541575582055, 0.1723468912659314, 0.167828448319284, 0.17504393159246945, 0.1384159711780768, 0.1458860168281575, 0.11756142913586132, 0.1738326230457119, 0.17039336516010906, 0.1759558264274972, 0.1667885614769915, 0.1280328401452948, 0.17129588756402825, 0.011056972929623043, 0.13795454740233026, 0.13648512955381875, 0.13904105051781812, 0.1064528599295187, 0.13052975521101473, 0.1032774014549318, 0.13714501539922708, 0.1364353860708718, 0.14801028496079027, 0.17783279755205683, 0.1320427111075162, 0.10944261973450864, 0.1941413396470466, 0.13508744883168333, 0.1203617172268423, 0.13291655162542781, 0.12494100883075987, 0.12994628256971907, 0.1522434914551667, 0.10669760264765671, 0.15146815222598775, 0.17555450534871397, 0.15920942138444616, 0.12813639228592422, 0.15201878403810554, 0.15711380868434333, 0.09898865078918107, 0.13534779568807664, 0.1691903629760958], {14: Parameter containing:
tensor([1.1256], requires_grad=True)}, {14: Parameter containing:
tensor([13.7434], requires_grad=True)}, 0.00035869188563112156, 0.013387294453687684]