1 -88.2635544138
2 -86.5279448634
3 -89.6468014162
4 -89.4713360944
5 -89.4957890185
6 -89.4300218924
7 -88.2591172658
8 -88.2469449800
9 -88.2297526105
10 -88.2102919154
11 -88.1906506853
12 -88.1722594471
13 -88.1553390760
14 -88.1395238679
15 -88.1249910557
16 -88.1127610134
17 -88.1042887828
18 -88.1009036704
19 -88.1031007387
20 -88.1098949151
21 -88.1190334220
22 -88.1280329851
23 -88.1348878040
24 -88.1382676653
25 -88.1379879235
26 -88.1354389959
27 -88.1331059246
28 -88.1334325873
29 -88.1376952671
30 -88.1453736243
31 -88.1545284102
32 -88.1627552380
33 -88.1679905871
34 -88.1693637418
35 -88.1679164789
36 -88.1657908231
37 -88.1642958300
38 -88.1631107743
39 -88.1609186286
40 -88.1563183304
41 -88.1486495389
42 -88.1386065869
43 -88.1278905075
44 -88.1181003735
45 -88.1101690517
46 -88.1047500722
47 -88.1028265721
48 -88.1058035895
49 -88.1149870353
50 -88.1304767948
51 -88.1500385031
52 -88.1691286538
53 -88.1821534841
54 -88.1845954071
55 -88.1758539585
56 -88.1604037431
57 -88.1446493938
58 -88.1333308505
59 -88.1285063212
60 -88.1297141711
61 -88.1345465073
62 -88.1397074907
63 -88.1427737228
64 -88.1433653352
65 -88.1425300156
66 -88.1413760988
67 -88.1403572872
68 -88.1392840128
69 -88.1378728121
70 -88.1364498729
71 -88.1358127049
72 -88.1362080621
73 -88.1367055084
74 -88.1355321174
75 -88.1310538311
76 -88.1230933316
77 -88.1137043839
78 -88.1062417331
79 -88.1034190868
80 -88.1063324860
81 -88.1145872073
82 -88.1265667486
83 -88.1399820615
84 -88.1529371992
85 -88.1645786879
86 -88.1745607823
87 -88.1819733758
88 -88.1847588572
89 -88.1803332735
90 -88.1675363776
91 -88.1487238516
92 -88.1290427512
93 -88.1130445145
94 -88.1038957610
95 -88.1035088444
96 -88.1121592751
97 -88.1280106485
98 -88.1470714696
99 -88.1641683017
100 -88.1747556074
101 -88.1765932050
102 -88.1704902317
103 -88.1599129479
104 -88.1495279053
105 -88.1430489342
106 -88.1414268612
107 -88.1424548333
108 -88.1419682343
109 -88.1361593033
110 -88.1242168228
111 -88.1095737116
112 -88.0982022840
113 -88.0952870694
114 -88.1029950742
115 -88.1198293517
116 -88.1405847886
117 -88.1578790283
118 -88.1665483160
119 -88.1664114314
120 -88.1610069170
121 -88.1545615686
122 -88.1497873776
123 -88.1470821861
124 -88.1449999342
125 -88.1418125636
126 -88.1370607141
127 -88.1319407365
128 -88.1285912882
129 -88.1289571376
130 -88.1337379412
131 -88.1416950299
132 -88.1496492099
133 -88.1537188856
134 -88.1513805019
135 -88.1426947327
136 -88.1300179417
137 -88.1169762847
138 -88.1073230987
139 -88.1038268873
140 -88.1075789348
141 -88.1180697460
142 -88.1336612236
143 -88.1518351983
144 -88.1693300319
145 -88.1827756815
146 -88.1897601308
147 -88.1895521957
148 -88.1829437387
149 -88.1716681521
150 -88.1580215611
151 -88.1444867084
152 -88.1330604403
153 -88.1246127027
154 -88.1188714641
155 -88.1150703858
156 -88.1126548532
157 -88.1116976851
158 -88.1130155317
159 -88.1178181108
160 -88.1269016140
161 -88.1399075989
162 -88.1551305498
163 -88.1699310659
164 -88.1814846997
165 -88.1876181395
166 -88.1876189517
167 -88.1825348497
168 -88.1743534881
169 -88.1648642184
170 -88.1553811665
171 -88.1468837424
172 -88.1400213106
173 -88.1350641501
174 -88.1320802931
175 -88.1312401455
176 -88.1327781901
177 -88.1365272967
178 -88.1415400767
179 -88.1462251412
180 -88.1489473899
181 -88.1487435895
182 -88.1457078895
183 -88.1409280834
184 -88.1361252744
185 -88.1330364527
186 -88.1327026355
187 -88.1351744331
188 -88.1398464090
189 -88.1459210566
190 -88.1524590471
191 -88.1581821334
192 -88.1614440345
193 -88.1606509157
194 -88.1553072338
195 -88.1468663357
196 -88.1382141896
197 -88.1324343144
198 -88.1317406975
199 -88.1365204792
200 -88.1448678417
201 -88.1531804710
202 -88.1576952829
203 -88.1563148609
204 -88.1498980558
205 -88.1420549699
206 -88.1371682754
207 -88.1378730529
208 -88.1436906199
209 -88.1514804219
210 -88.1571530773
211 -88.1576110048
212 -88.1520652340
213 -88.1422996524
214 -88.1318935586
215 -88.1245963402
216 -88.1225395139
217 -88.1253198980
218 -88.1302852822
219 -88.1340355860
220 -88.1347516444
221 -88.1335439607
222 -88.1336175181
223 -88.1381325556
224 -88.1482291649
225 -88.1621174800
226 -88.1755365045
227 -88.1834324390
228 -88.1824695441
229 -88.1729149192
230 -88.1579341939
231 -88.1417532391
232 -88.1282272747
233 -88.1197909506
234 -88.1170749160
235 -88.1190988055
236 -88.1238311695
237 -88.1290635011
238 -88.1334113852
239 -88.1368722027
240 -88.1404568606
241 -88.1451747606
242 -88.1511915543
243 -88.1576520754
244 -88.1631820645
245 -88.1667117785
246 -88.1678122377
247 -88.1663885175
248 -88.1624701449
249 -88.1563691076
250 -88.1488560903
251 -88.1412584054
252 -88.1354122912
253 -88.1332389692
254 -88.1360043722
255 -88.1435808852
256 -88.1540781792
257 -88.1641635388
258 -88.1703149782
259 -88.1705144321
260 -88.1651285471
261 -88.1564420467
262 -88.1473388207
263 -88.1399684891
264 -88.1350483962
265 -88.1320180176
266 -88.1299984393
267 -88.1289972050
268 -88.1302719842
269 -88.1354247578
270 -88.1448915356
271 -88.1568892255
272 -88.1677169552
273 -88.1733819599
274 -88.1715011155
275 -88.1624306030
276 -88.1490857808
277 -88.1353380046
278 -88.1245754252
279 -88.1191825958
280 -88.1200113365
281 -88.1261728709
282 -88.1354891159
283 -88.1452502029
284 -88.1528362088
285 -88.1562938065
286 -88.1550807100
287 -88.1504003205
288 -88.1446328284
289 -88.1402106064
290 -88.1385249961
291 -88.1394962053
292 -88.1421141582
293 -88.1453289240
294 -88.1485972075
295 -88.1519361540
296 -88.1555771267
297 -88.1595834677
298 -88.1638563277
299 -88.1684747423
300 -88.1737985988
301 -88.1799961755
302 -88.1865157393
303 -88.1919769326
304 -88.1943252937
305 -88.1913319299
306 -88.1817710347
307 -88.1665894905
308 -88.1486845258
309 -88.1315903308
310 -88.1182851951
311 -88.1104315663
312 -88.1081632472
313 -88.1104943430
314 -88.1161176228
315 -88.1242328996
316 -88.1348719223
317 -88.1483573563
318 -88.1642084104
319 -88.1802841295
320 -88.1930597226
321 -88.1993406953
322 -88.1983076632
323 -88.1921878138
324 -88.1849070728
325 -88.1798719949
326 -88.1784239241
327 -88.1794566556
328 -88.1801350032
329 -88.1773991851
330 -88.1696391188
331 -88.1576598756
332 -88.1442911252
333 -88.1329745480
334 -88.1263325998
335 -88.1253138327
336 -88.1290919417
337 -88.1356597039
338 -88.1426935385
339 -88.1485497676
340 -88.1528398182
341 -88.1560434696
342 -88.1588850415
343 -88.1618894039
344 -88.1651963675
345 -88.1687442104
346 -88.1726567538
347 -88.1773417019
348 -88.1829882496
349 -88.1890199207
350 -88.1940956803
351 -88.1964736070
352 -88.1947497682
353 -88.1887859886
354 -88.1798798130
355 -88.1699817488
356 -88.1607870191
357 -88.1533100581
358 -88.1479554676
359 -88.1447853638
360 -88.1436741061
361 -88.1443324965
362 -88.1464026377
363 -88.1497496194
364 -88.1547130052
365 -88.1619059991
366 -88.1714036626
367 -88.1819824166
368 -88.1913583138
369 -88.1971604445
370 -88.1979944728
371 -88.1943196884
372 -88.1883414820
373 -88.1826872956
374 -88.1789734363
375 -88.1771568084
376 -88.1758383917
377 -88.1733122913
378 -88.1688240846
379 -88.1633095158
380 -88.1590491085
381 -88.1583700001
382 -88.1622247575
383 -88.1693671184
384 -88.1763284482
385 -88.1787211587
386 -88.1739505201
387 -88.1629571364
388 -88.1496608488
389 -88.1389063056
390 -88.1342423464
391 -88.1366347610
392 -88.1445611281
393 -88.1552729851
394 -88.1663936817
395 -88.1767780786
396 -88.1861699245
397 -88.1943339031
398 -88.2005599963
399 -88.2039275594
400 -88.2040789723
401 -88.2014377545
402 -88.1965684030
403 -88.1897175550
404 -88.1809505868
405 -88.1705833010
406 -88.1595609998
407 -88.1495116186
408 -88.1424023568
409 -88.1400300520
410 -88.1435050740
411 -88.1525119300
412 -88.1647391587
413 -88.1764958393
414 -88.1843649433
415 -88.1867432580
416 -88.1843947169
417 -88.1798924412
418 -88.1763265481
419 -88.1758412196
420 -88.1786422045
421 -88.1830743358
422 -88.1867580096
423 -88.1879047601
424 -88.1860815383
425 -88.1823115221
426 -88.1785939194
427 -88.1770203402
428 -88.1787802710
429 -88.1835504245
430 -88.1896190361
431 -88.1946235816
432 -88.1965377016
433 -88.1945942296
434 -88.1896526115
435 -88.1835407928
436 -88.1779378422
437 -88.1737465031
438 -88.1711362585
439 -88.1698827226
440 -88.1696349870
441 -88.1700847769
442 -88.1711102306
443 -88.1727852172
444 -88.1750123423
445 -88.1771469852
446 -88.1782281696
447 -88.1775569405
448 -88.1750480422
449 -88.1713439030
450 -88.1676734841
451 -88.1653341608
452 -88.1651190889
453 -88.1670210468
454 -88.1702618770
455 -88.1736685581
456 -88.1762493592
457 -88.1776934033
458 -88.1784822301
459 -88.1794295649
460 -88.1810610602
461 -88.1833263073
462 -88.1856021781
463 -88.1869030498
464 -88.1864530622
465 -88.1844522711
466 -88.1819932115
467 -88.1800394004
468 -88.1785431094
469 -88.1762788088
470 -88.1715069654
471 -88.1632211780
472 -88.1522387826
473 -88.1413873923
474 -88.1345545896
475 -88.1350488895
476 -88.1440153058
477 -88.1595739175
478 -88.1771576521
479 -88.1911972748
480 -88.1976371682
481 -88.1958888516
482 -88.1888559685
483 -88.1810454988
484 -88.1761891470
485 -88.1757904037
486 -88.1789550688
487 -88.1832602065
488 -88.1861425513
489 -88.1861173803
490 -88.1832576788
491 -88.1788381059
492 -88.1746108807
493 -88.1721336883
494 -88.1722753825
495 -88.1749941695
496 -88.1792873446
497 -88.1833660549
498 -88.1853509716
499 -88.1842608654
500 -88.1804352933
501 -88.1750300670
502 -88.1693588080
503 -88.1646744414
504 -88.1619995400
505 -88.1617508100
506 -88.1635782595
507 -88.1667291536
508 -88.1705689932
509 -88.1748608867
510 -88.1796275608
511 -88.1846979054
512 -88.1894377111
513 -88.1928654250
514 -88.1939309874
515 -88.1919196866
516 -88.1869552639
517 -88.1801823868
518 -88.1734742398
519 -88.1688770809
520 -88.1678338839
521 -88.1706535990
522 -88.1764681657
523 -88.1835285806
524 -88.1897917164
525 -88.1936435676
526 -88.1945416915
527 -88.1932631789
528 -88.1914614503
529 -88.1907746504
530 -88.1919876154
531 -88.1945192695
532 -88.1964719583
533 -88.1954682004
534 -88.1901046910
535 -88.1811669346
536 -88.1715234718
537 -88.1645120893
538 -88.1619034075
539 -88.1629172687
540 -88.1649843085
541 -88.1655260345
542 -88.1632737225
543 -88.1585731828
544 -88.1530530248
545 -88.1489494426
546 -88.1482327447
547 -88.1517468142
548 -88.1588011141
549 -88.1675076751
550 -88.1756734185
551 -88.1818374869
552 -88.1860001485
553 -88.1894918090
554 -88.1938224250
555 -88.1994279607
556 -88.2054351806
557 -88.2102794096
558 -88.2124867020
559 -88.2113572508
560 -88.2071952441
561 -88.2008006970
562 -88.1927801108
563 -88.1833396236
564 -88.1724705605
565 -88.1603671186
566 -88.1478065883
567 -88.1360793004
568 -88.1267294155
569 -88.1214166321
570 -88.1215829724
571 -88.1276494955
572 -88.1381401255
573 -88.1497357411
574 -88.1587232240
575 -88.1629482414
576 -88.1629344286
577 -88.1615133364
578 -88.1621738892
579 -88.1670521162
580 -88.1757326991
581 -88.1856436905
582 -88.1936906209
583 -88.1979793926
584 -88.1985854906
585 -88.1968946630
586 -88.1944916719
587 -88.1923897661
588 -88.1906384166
589 -88.1885474677
590 -88.1854394470
591 -88.1813211782
592 -88.1769848772
593 -88.1735743377
594 -88.1719116693
595 -88.1719100177
596 -88.1724343200
597 -88.1717486828
598 -88.1683927571
599 -88.1621200527
600 -88.1543113568
601 -88.1474876300
602 -88.1442885135
603 -88.1465064376
604 -88.1541835087
605 -88.1653178604
606 -88.1768621494
607 -88.1859016591
608 -88.1903026454
609 -88.1893520476
610 -88.1841664277
611 -88.1772633773
612 -88.1715430275
613 -88.1693492955
614 -88.1718694533
615 -88.1787556473
616 -88.1879200590
617 -88.1958569692
618 -88.1988489564
619 -88.1947929148
620 -88.1845638055
621 -88.1718398482
622 -88.1613530338
623 -88.1565590002
624 -88.1580969325
625 -88.1638282121
626 -88.1699887016
627 -88.1729037043
628 -88.1709828899
629 -88.1655292421
630 -88.1594819320
631 -88.1556009009
632 -88.1555041847
633 -88.1594023017
634 -88.1661462042
635 -88.1737250515
636 -88.1801393116
637 -88.1841658797
638 -88.1857408899
639 -88.1858158369
640 -88.1855675277
641 -88.1854373729
642 -88.1848722308
643 -88.1828861747
644 -88.1788108077
645 -88.1728787491
646 -88.1664136663
647 -88.1614021374
648 -88.1597621595
649 -88.1627564899
650 -88.1703813108
651 -88.1806177347
652 -88.1894604504
653 -88.1927519258
654 -88.1889761112
655 -88.1805443900
656 -88.1722822346
657 -88.1683805696
658 -88.1700658597
659 -88.1752044433
660 -88.1799067793
661 -88.1811636898
662 -88.1786492321
663 -88.1743490681
664 -88.1708145834
665 -88.1696668876
666 -88.1707590228
667 -88.1722770859
668 -88.1719701745
669 -88.1688578623
670 -88.1640392919
671 -88.1597705006
672 -88.1577846306
673 -88.1584072982
674 -88.1606861905
675 -88.1630674581
676 -88.1644760151
677 -88.1651914931
678 -88.1665841274
679 -88.1699088218
680 -88.1752263973
681 -88.1813148904
682 -88.1863679721
683 -88.1888694579
684 -88.1883144865
685 -88.1853659247
686 -88.1813013730
687 -88.1773078946
688 -88.1741237938
689 -88.1720258428
690 -88.1710173145
691 -88.1709350962
692 -88.1712219540
693 -88.1708903766
694 -88.1692387730
695 -88.1665641110
696 -88.1638871849
697 -88.1621125726
698 -88.1614486821
699 -88.1612538672
700 -88.1604361702
701 -88.1583472855
702 -88.1554219453
703 -88.1528724085
704 -88.1519885067
705 -88.1538832531
706 -88.1592548128
707 -88.1678508642
708 -88.1782331481
709 -88.1882973076
710 -88.1962090058
711 -88.2010186965
712 -88.2025268123
713 -88.2008958087
714 -88.1966046573
715 -88.1905272210
716 -88.1838316490
717 -88.1777081065
718 -88.1729650285
719 -88.1697051387
720 -88.1673759171
721 -88.1652494741
722 -88.1629413180
723 -88.1606105409
724 -88.1588649722
725 -88.1584680719
726 -88.1598083358
727 -88.1623484200
728 -88.1647170143
729 -88.1655686513
730 -88.1644187438
731 -88.1618353829
732 -88.1591654082
733 -88.1580219033
734 -88.1594487426
735 -88.1632858128
736 -88.1682503823
737 -88.1725619070
738 -88.1747826351
739 -88.1746053536
740 -88.1731144125
741 -88.1721821769
742 -88.1733899385
743 -88.1771740758
744 -88.1825625896
745 -88.1874846509
746 -88.1895754637
747 -88.1872759359
748 -88.1806857475
749 -88.1716662662
750 -88.1630968511
751 -88.1576929278
752 -88.1568970996
753 -88.1602633901
754 -88.1657465469
755 -88.1707513203
756 -88.1733518215
757 -88.1730831735
758 -88.1709212351
759 -88.1685404394
760 -88.1673196374
761 -88.1676427930
762 -88.1688349897
763 -88.1697343842
764 -88.1695519071
765 -88.1684366279
766 -88.1671922762
767 -88.1663769804
768 -88.1658541417
769 -88.1652405629
770 -88.1644216982
771 -88.1635659174
772 -88.1631165333
773 -88.1638364592
774 -88.1663638112
775 -88.1704799252
776 -88.1749841093
777 -88.1785313505
778 -88.1804324084
779 -88.1807328861
780 -88.1799204844
781 -88.1786246057
782 -88.1774341235
783 -88.1766891027
784 -88.1762704631
785 -88.1757097118
786 -88.1746464713
787 -88.1732713138
788 -88.1723652007
789 -88.1728733123
790 -88.1752330950
791 -88.1787464029
792 -88.1816153103
793 -88.1820004059
794 -88.1792140862
795 -88.1739308402
796 -88.1676513241
797 -88.1621218596
798 -88.1586714673
799 -88.1578064525
800 -88.1595132146
801 -88.1634771262
802 -88.1687698990
803 -88.1740118535
804 -88.1781494393
805 -88.1808618563
806 -88.1824203027
807 -88.1833202715
808 -88.1837903855
809 -88.1835102921
810 -88.1820636556
811 -88.1797340105
812 -88.1774535912
813 -88.1760653669
814 -88.1759414775
815 -88.1768937944
816 -88.1782573648
817 -88.1793558425
818 -88.1800266667
819 -88.1807130996
820 -88.1820890786
821 -88.1845287802
822 -88.1878418245
823 -88.1913650249
824 -88.1942070068
825 -88.1955609096
826 -88.1949285891
827 -88.1921860145
828 -88.1876355389
829 -88.1820265751
830 -88.1763192218
831 -88.1712770919
832 -88.1672785495
833 -88.1643434831
834 -88.1622313608
835 -88.1605796255
836 -88.1591432818
837 -88.1581356413
838 -88.1582092545
839 -88.1596779330
840 -88.1618138030
841 -88.1632994242
842 -88.1632819257
843 -88.1619569007
844 -88.1606945793
845 -88.1615305756
846 -88.1658601637
847 -88.1735667680
848 -88.1832265395
849 -88.1926794133
850 -88.1996397622
851 -88.2024925739
852 -88.2009622575
853 -88.1959335380
854 -88.1887027359
855 -88.1806769986
856 -88.1733441876
857 -88.1679233263
858 -88.1651232137
859 -88.1651220278
860 -88.1674298649
861 -88.1708002453
862 -88.1734160763
863 -88.1735126626
864 -88.1704274087
865 -88.1654088735
866 -88.1612560986
867 -88.1606563910
868 -88.1644429508
869 -88.1711919772
870 -88.1781631698
871 -88.1826021630
872 -88.1829718597
873 -88.1798668543
874 -88.1756577201
875 -88.1728608576
876 -88.1727364936
877 -88.1749046344
878 -88.1777702244
879 -88.1795954094
880 -88.1796906500
881 -88.1786711784
882 -88.1775961650
883 -88.1770736688
884 -88.1770236174
885 -88.1767441173
886 -88.1748973619
887 -88.1699188628
888 -88.1613787250
889 -88.1507516077
890 -88.1408098685
891 -88.1343524682
892 -88.1329961019
893 -88.1365644315
894 -88.1433581701
895 -88.1509736877
896 -88.1571551379
897 -88.1606154857
898 -88.1616196147
899 -88.1618740333
900 -88.1635672847
901 -88.1681876964
902 -88.1758265927
903 -88.1850407060
904 -88.1932212446
905 -88.1975885443
906 -88.1966568103
907 -88.1912707219
908 -88.1842248795
909 -88.1785120219
910 -88.1754836382
911 -88.1743520311
912 -88.1732572672
913 -88.1708720205
914 -88.1672727029
915 -88.1636101971
916 -88.1611259522
917 -88.1602464976
918 -88.1601949014
919 -88.1594661579
920 -88.1568350809
921 -88.1520159293
922 -88.1459200822
923 -88.1404613800
924 -88.1378115924
925 -88.1394495533
926 -88.1454446319
927 -88.1544673681
928 -88.1645908457
929 -88.1740811217
930 -88.1816952088
931 -88.1867724388
932 -88.1891709825
933 -88.1890929148
934 -88.1870415247
935 -88.1838430793
936 -88.1804065918
937 -88.1773292507
938 -88.1748099973
939 -88.1728330693
940 -88.1713366746
941 -88.1703733627
942 -88.1701972746
943 -88.1710503169
944 -88.1727790442
945 -88.1747861806
946 -88.1764090866
947 -88.1772355749
948 -88.1770393834
949 -88.1757498051
950 -88.1736446237
951 -88.1712667455
952 -88.1689897577
953 -88.1667379161
954 -88.1641618018
955 -88.1610297976
956 -88.1574774726
957 -88.1540875133
958 -88.1519373352
959 -88.1524061900
960 -88.1564937368
961 -88.1639275276
962 -88.1727782632
963 -88.1801447453
964 -88.1835539681
965 -88.1819518167
966 -88.1758475465
967 -88.1671051155
968 -88.1584267648
969 -88.1523551452
970 -88.1502499909
971 -88.1518335442
972 -88.1555869594
973 -88.1596616679
974 -88.1625804758
975 -88.1636575163
976 -88.1634257964
977 -88.1634585404
978 -88.1651143844
979 -88.1682765653
980 -88.1712123423
981 -88.1715930033
982 -88.1679890731
983 -88.1610277332
984 -88.1533764552
985 -88.1483624906
986 -88.1483797732
987 -88.1540090186
988 -88.1636420081
989 -88.1736496390
990 -88.1797515959
991 -88.1793617502
992 -88.1730544860
993 -88.1638314356
994 -88.1550814121
995 -88.1489320062
996 -88.1457400662
997 -88.1444973847
998 -88.1436596652
999 -88.1419328004
1000 -88.1388191238
