tensor([ 0.2041,  0.3396,  0.1097,  0.2067,  0.1314,  0.3719,  0.1140,  0.3505,
         0.1305,  0.1016,  0.1414,  0.0667,  0.1129,  0.0248,  0.1258,  0.4164,
         0.1802,  0.2001,  0.1997,  0.1210,  0.1299,  0.2093,  0.3606,  0.2074,
         0.0968,  0.3030,  0.1317,  0.1956,  0.1129, -0.0144,  0.1028,  0.1011,
         0.3135,  0.1844,  0.0932,  0.1172, -0.0230,  0.1105, -0.0238,  0.2094,
         0.1190,  0.1228, -0.0501,  0.2012, -0.0279,  0.0956,  0.0979,  0.1539,
         0.1470,  0.1994,  0.1839,  0.0931,  0.1923,  0.1095, -0.0063,  0.2116,
         0.3165,  0.1066,  0.1905, -0.0209,  0.0957, -0.0321,  0.0984,  0.0984,
         0.0034,  0.0686,  0.1293, -0.0503,  0.1920,  0.1869,  0.1243,  0.1515,
         0.1674,  0.2090,  0.1414,  0.3686,  0.1466,  0.1710,  0.1407,  0.1408,
         0.1894,  0.0203,  0.0093,  0.4166,  0.3891,  0.0921,  0.1155,  0.1714,
         0.1264,  0.2067,  0.3528,  0.0017,  0.0393,  0.2024,  0.2196,  0.1336,
        -0.0527,  0.1246,  0.1518,  0.1414,  0.1470,  0.4238,  0.3675,  0.1913,
         0.1508,  0.0936,  0.2811,  0.1330,  0.1463,  0.2015,  0.1302,  0.4179,
         0.0857,  0.3789,  0.1025,  0.1854,  0.1386,  0.1006,  0.0600,  0.1449,
         0.0485,  0.0810,  0.1470,  0.1879,  0.2858,  0.0811,  0.3284,  0.1993,
         0.2074,  0.1594, -0.0018,  0.1445, -0.0030,  0.1032,  0.3321,  0.1264,
         0.3402,  0.1190,  0.1272,  0.1119,  0.2037,  0.1234,  0.3958,  0.1690,
         0.0935,  0.2928,  0.4048,  0.1345,  0.1512,  0.1021,  0.3550,  0.0803,
         0.1094, -0.0367,  0.0708,  0.0309,  0.1975,  0.1153,  0.1520,  0.1470,
         0.1617,  0.1316,  0.3793,  0.3597,  0.1288,  0.0922,  0.2013,  0.2742,
         0.3148,  0.2076,  0.2082,  0.1971,  0.1759,  0.1245,  0.1311,  0.2290,
         0.1927,  0.1334,  0.1135,  0.0984,  0.1992,  0.3035,  0.2037,  0.2048,
         0.1414,  0.2133,  0.3541,  0.3186,  0.1437,  0.1391,  0.1723, -0.0567,
         0.1235,  0.1395,  0.4060,  0.1131,  0.1659,  0.1072,  0.2062,  0.3743])